m 0的标识是 2	 2	 0	 0	 0	 0	 0	 0	 0	 0	 1	 1	 已等待时间x是 0	 0	 0	 0	 0	 0	 0	 0	 0	 0	 0	 0	 已耗费时间g为 0	 标识来源于M 0	 激发的变迁	 0	 它不是终止标识 NO 它不是重复标识
m 1的标识是 1	 2	 1	 0	 0	 0	 0	 0	 0	 0	 0	 1	 已等待时间x是 0	 0	 0	 0	 0	 0	 0	 0	 0	 0	 0	 0	 已耗费时间g为 0	 标识来源于M 0	 激发的变迁	 1	 它不是终止标识 NO 它不是重复标识
m 2的标识是 2	 1	 0	 1	 0	 0	 0	 0	 0	 0	 0	 1	 已等待时间x是 0	 0	 0	 0	 0	 0	 0	 0	 0	 0	 0	 0	 已耗费时间g为 0	 标识来源于M 0	 激发的变迁	 2	 它不是终止标识 NO 它不是重复标识
m 3的标识是 1	 2	 0	 0	 1	 0	 0	 0	 0	 0	 1	 1	 已等待时间x是 0	 0	 0	 0	 0	 0	 0	 0	 0	 0	 0	 0	 已耗费时间g为 1	 标识来源于M 1	 激发的变迁	 3	 它不是终止标识 NO 它不是重复标识
m 4的标识是 2	 1	 0	 0	 0	 1	 0	 0	 0	 0	 1	 1	 已等待时间x是 0	 0	 0	 0	 0	 0	 0	 0	 0	 0	 0	 0	 已耗费时间g为 2	 标识来源于M 2	 激发的变迁	 4	 它不是终止标识 NO 它不是重复标识
m 5的标识是 0	 2	 1	 0	 1	 0	 0	 0	 0	 0	 0	 1	 已等待时间x是 0	 0	 0	 0	 0	 0	 0	 0	 0	 0	 0	 0	 已耗费时间g为 1	 标识来源于M 3	 激发的变迁	 1	 它不是终止标识 NO 它不是重复标识
m 6的标识是 1	 1	 0	 1	 1	 0	 0	 0	 0	 0	 0	 1	 已等待时间x是 0	 0	 0	 0	 0	 0	 0	 0	 0	 0	 0	 0	 已耗费时间g为 1	 标识来源于M 3	 激发的变迁	 2	 它不是终止标识 NO 它不是重复标识
m 7的标识是 1	 2	 0	 0	 0	 0	 1	 0	 0	 0	 1	 0	 已等待时间x是 0	 0	 0	 0	 0	 0	 0	 0	 0	 0	 0	 0	 已耗费时间g为 1	 标识来源于M 3	 激发的变迁	 5	 它不是终止标识 NO 它不是重复标识
m 8的标识是 1	 1	 1	 0	 0	 1	 0	 0	 0	 0	 0	 1	 已等待时间x是 0	 0	 0	 0	 0	 0	 0	 0	 0	 0	 0	 0	 已耗费时间g为 2	 标识来源于M 4	 激发的变迁	 1	 它不是终止标识 NO 它不是重复标识
m 9的标识是 2	 0	 0	 1	 0	 1	 0	 0	 0	 0	 0	 1	 已等待时间x是 0	 0	 0	 0	 0	 0	 0	 0	 0	 0	 0	 0	 已耗费时间g为 2	 标识来源于M 4	 激发的变迁	 2	 它不是终止标识 NO 它不是重复标识
m10的标识是 2	 1	 0	 0	 0	 0	 0	 1	 0	 0	 1	 0	 已等待时间x是 0	 0	 0	 0	 0	 0	 0	 0	 0	 0	 0	 0	 已耗费时间g为 2	 标识来源于M 4	 激发的变迁	 6	 它不是终止标识 NO 它不是重复标识
m11的标识是 0	 2	 0	 0	 2	 0	 0	 0	 0	 0	 1	 1	 已等待时间x是 0	 0	 0	 0	 0	 0	 0	 0	 0	 0	 0	 0	 已耗费时间g为 2	 标识来源于M 5	 激发的变迁	 3	 它不是终止标识 NO 它不是重复标识
m12的标识是 0	 2	 1	 0	 0	 0	 1	 0	 0	 0	 0	 0	 已等待时间x是 0	 0	 0	 0	 0	 0	 0	 0	 0	 0	 0	 0	 已耗费时间g为 1	 标识来源于M 5	 激发的变迁	 5	 它不是终止标识 NO 它不是重复标识
m13的标识是 1	 1	 0	 0	 1	 1	 0	 0	 0	 0	 1	 1	 已等待时间x是 0	 0	 0	 0	 0	 0	 0	 0	 0	 0	 0	 0	 已耗费时间g为 3	 标识来源于M 6	 激发的变迁	 4	 它不是终止标识 NO 它不是重复标识
m14的标识是 1	 1	 0	 1	 0	 0	 1	 0	 0	 0	 0	 0	 已等待时间x是 0	 0	 0	 0	 0	 0	 0	 0	 0	 0	 0	 0	 已耗费时间g为 1	 标识来源于M 6	 激发的变迁	 5	 它不是终止标识 NO 它不是重复标识
m17的标识是 1	 2	 0	 0	 0	 0	 0	 0	 1	 0	 1	 1	 已等待时间x是 0	 0	 0	 0	 0	 0	 0	 0	 0	 0	 0	 0	 已耗费时间g为 4	 标识来源于M 7	 激发的变迁	 7	 它不是终止标识 NO 它不是重复标识
m19的标识是 1	 1	 1	 0	 0	 0	 0	 1	 0	 0	 0	 0	 已等待时间x是 0	 0	 0	 0	 0	 0	 0	 0	 0	 0	 0	 0	 已耗费时间g为 2	 标识来源于M 8	 激发的变迁	 6	 它不是终止标识 NO 它不是重复标识
m20的标识是 2	 0	 0	 0	 0	 2	 0	 0	 0	 0	 1	 1	 已等待时间x是 0	 0	 0	 0	 0	 0	 0	 0	 0	 0	 0	 0	 已耗费时间g为 4	 标识来源于M 9	 激发的变迁	 4	 它不是终止标识 NO 它不是重复标识
m21的标识是 2	 0	 0	 1	 0	 0	 0	 1	 0	 0	 0	 0	 已等待时间x是 0	 0	 0	 0	 0	 0	 0	 0	 0	 0	 0	 0	 已耗费时间g为 2	 标识来源于M 9	 激发的变迁	 6	 它不是终止标识 NO 它不是重复标识
m24的标识是 2	 1	 0	 0	 0	 0	 0	 0	 0	 1	 1	 1	 已等待时间x是 0	 0	 0	 0	 0	 0	 0	 0	 0	 0	 0	 0	 已耗费时间g为 4	 标识来源于M10	 激发的变迁	 8	 它不是终止标识 NO 它不是重复标识
m25的标识是 0	 1	 0	 1	 2	 0	 0	 0	 0	 0	 0	 1	 已等待时间x是 0	 0	 0	 0	 0	 0	 0	 0	 0	 0	 0	 0	 已耗费时间g为 2	 标识来源于M11	 激发的变迁	 2	 它不是终止标识 NO 它不是重复标识
m26的标识是 0	 2	 0	 0	 1	 0	 1	 0	 0	 0	 1	 0	 已等待时间x是 0	 0	 0	 0	 0	 0	 0	 0	 0	 0	 0	 0	 已耗费时间g为 2	 标识来源于M11	 激发的变迁	 5	 它不是终止标识 NO 它不是重复标识
m27的标识是 0	 2	 0	 0	 1	 0	 1	 0	 0	 0	 1	 0	 已等待时间x是 0	 0	 0	 0	 0	 0	 1	 0	 0	 0	 0	 0	 已耗费时间g为 2	 标识来源于M12	 激发的变迁	 3	 它不是终止标识 NO 它不是重复标识
m28的标识是 0	 2	 1	 0	 0	 0	 0	 0	 1	 0	 0	 1	 已等待时间x是 0	 0	 3	 0	 0	 0	 0	 0	 0	 0	 0	 0	 已耗费时间g为 4	 标识来源于M12	 激发的变迁	 7	 它不是终止标识 NO 它不是重复标识
m29的标识是 0	 1	 1	 0	 1	 1	 0	 0	 0	 0	 0	 1	 已等待时间x是 0	 0	 0	 0	 0	 0	 0	 0	 0	 0	 0	 0	 已耗费时间g为 3	 标识来源于M13	 激发的变迁	 1	 它不是终止标识 NO 它不是重复标识
m30的标识是 1	 0	 0	 1	 1	 1	 0	 0	 0	 0	 0	 1	 已等待时间x是 0	 0	 0	 0	 0	 0	 0	 0	 0	 0	 0	 0	 已耗费时间g为 3	 标识来源于M13	 激发的变迁	 2	 它不是终止标识 NO 它不是重复标识
m31的标识是 1	 1	 0	 0	 0	 1	 1	 0	 0	 0	 1	 0	 已等待时间x是 0	 0	 0	 0	 0	 0	 0	 0	 0	 0	 0	 0	 已耗费时间g为 3	 标识来源于M13	 激发的变迁	 5	 它不是终止标识 NO 它不是重复标识
m32的标识是 1	 1	 0	 0	 1	 0	 0	 1	 0	 0	 1	 0	 已等待时间x是 0	 0	 0	 0	 0	 0	 0	 0	 0	 0	 0	 0	 已耗费时间g为 3	 标识来源于M13	 激发的变迁	 6	 它不是终止标识 NO 它不是重复标识
m33的标识是 1	 1	 0	 0	 0	 1	 1	 0	 0	 0	 1	 0	 已等待时间x是 0	 0	 0	 0	 0	 0	 2	 0	 0	 0	 0	 0	 已耗费时间g为 3	 标识来源于M14	 激发的变迁	 4	 它不是终止标识 NO 它不是重复标识
m34的标识是 1	 1	 0	 1	 0	 0	 0	 0	 1	 0	 0	 1	 已等待时间x是 0	 0	 0	 3	 0	 0	 0	 0	 0	 0	 0	 0	 已耗费时间g为 4	 标识来源于M14	 激发的变迁	 7	 它不是终止标识 NO 它不是重复标识
m35的标识是 0	 2	 1	 0	 0	 0	 0	 0	 1	 0	 0	 1	 已等待时间x是 0	 0	 0	 0	 0	 0	 0	 0	 0	 0	 0	 0	 已耗费时间g为 4	 标识来源于M17	 激发的变迁	 1	 它不是终止标识 NO 它不是重复标识
m36的标识是 1	 1	 0	 1	 0	 0	 0	 0	 1	 0	 0	 1	 已等待时间x是 0	 0	 0	 0	 0	 0	 0	 0	 0	 0	 0	 0	 已耗费时间g为 4	 标识来源于M17	 激发的变迁	 2	 它不是终止标识 NO 它不是重复标识
m37的标识是 1	 1	 0	 0	 1	 0	 0	 1	 0	 0	 1	 0	 已等待时间x是 0	 0	 0	 0	 0	 0	 0	 1	 0	 0	 0	 0	 已耗费时间g为 3	 标识来源于M19	 激发的变迁	 3	 它不是终止标识 NO 它不是重复标识
m38的标识是 1	 1	 1	 0	 0	 0	 0	 0	 0	 1	 0	 1	 已等待时间x是 0	 0	 2	 0	 0	 0	 0	 0	 0	 0	 0	 0	 已耗费时间g为 4	 标识来源于M19	 激发的变迁	 8	 它不是终止标识 NO 它不是重复标识
m39的标识是 1	 0	 1	 0	 0	 2	 0	 0	 0	 0	 0	 1	 已等待时间x是 0	 0	 0	 0	 0	 0	 0	 0	 0	 0	 0	 0	 已耗费时间g为 4	 标识来源于M20	 激发的变迁	 1	 它不是终止标识 NO 它不是重复标识
m40的标识是 2	 0	 0	 0	 0	 1	 0	 1	 0	 0	 1	 0	 已等待时间x是 0	 0	 0	 0	 0	 0	 0	 0	 0	 0	 0	 0	 已耗费时间g为 4	 标识来源于M20	 激发的变迁	 6	 它不是终止标识 NO 它不是重复标识
m41的标识是 2	 0	 0	 0	 0	 1	 0	 1	 0	 0	 1	 0	 已等待时间x是 0	 0	 0	 0	 0	 0	 0	 2	 0	 0	 0	 0	 已耗费时间g为 4	 标识来源于M21	 激发的变迁	 4	 它不是终止标识 NO 它不是重复标识
m42的标识是 2	 0	 0	 1	 0	 0	 0	 0	 0	 1	 0	 1	 已等待时间x是 0	 0	 0	 2	 0	 0	 0	 0	 0	 0	 0	 0	 已耗费时间g为 4	 标识来源于M21	 激发的变迁	 8	 它不是终止标识 NO 它不是重复标识
m43的标识是 1	 1	 1	 0	 0	 0	 0	 0	 0	 1	 0	 1	 已等待时间x是 0	 0	 0	 0	 0	 0	 0	 0	 0	 0	 0	 0	 已耗费时间g为 4	 标识来源于M24	 激发的变迁	 1	 它不是终止标识 NO 它不是重复标识
m44的标识是 2	 0	 0	 1	 0	 0	 0	 0	 0	 1	 0	 1	 已等待时间x是 0	 0	 0	 0	 0	 0	 0	 0	 0	 0	 0	 0	 已耗费时间g为 4	 标识来源于M24	 激发的变迁	 2	 它不是终止标识 NO 它不是重复标识
m45的标识是 0	 1	 0	 0	 2	 1	 0	 0	 0	 0	 1	 1	 已等待时间x是 0	 0	 0	 0	 0	 0	 0	 0	 0	 0	 0	 0	 已耗费时间g为 4	 标识来源于M25	 激发的变迁	 4	 它不是终止标识 NO 它不是重复标识
m46的标识是 0	 1	 0	 1	 1	 0	 1	 0	 0	 0	 0	 0	 已等待时间x是 0	 0	 0	 0	 0	 0	 0	 0	 0	 0	 0	 0	 已耗费时间g为 2	 标识来源于M25	 激发的变迁	 5	 它不是终止标识 NO 它不是重复标识
m48的标识是 0	 2	 0	 0	 1	 0	 0	 0	 1	 0	 1	 1	 已等待时间x是 0	 0	 0	 0	 0	 0	 0	 0	 0	 0	 0	 0	 已耗费时间g为 5	 标识来源于M26	 激发的变迁	 7	 它不是终止标识 NO 它不是重复标识
m49的标识是 0	 1	 0	 1	 1	 0	 1	 0	 0	 0	 0	 0	 已等待时间x是 0	 0	 0	 0	 0	 0	 1	 0	 0	 0	 0	 0	 已耗费时间g为 2	 标识来源于M27	 激发的变迁	 2	 它不是终止标识 NO 它不是重复标识
m50的标识是 0	 2	 0	 0	 1	 0	 0	 0	 1	 0	 1	 1	 已等待时间x是 0	 0	 0	 0	 0	 0	 0	 0	 0	 0	 0	 0	 已耗费时间g为 4	 标识来源于M27	 激发的变迁	 7	 它不是终止标识 NO 它不是重复标识
m53的标识是 0	 1	 1	 0	 0	 1	 1	 0	 0	 0	 0	 0	 已等待时间x是 0	 0	 0	 0	 0	 0	 0	 0	 0	 0	 0	 0	 已耗费时间g为 3	 标识来源于M29	 激发的变迁	 5	 它不是终止标识 NO 它不是重复标识
m54的标识是 0	 1	 1	 0	 1	 0	 0	 1	 0	 0	 0	 0	 已等待时间x是 0	 0	 0	 0	 0	 0	 0	 0	 0	 0	 0	 0	 已耗费时间g为 3	 标识来源于M29	 激发的变迁	 6	 它不是终止标识 NO 它不是重复标识
m55的标识是 1	 0	 0	 0	 1	 2	 0	 0	 0	 0	 1	 1	 已等待时间x是 0	 0	 0	 0	 0	 0	 0	 0	 0	 0	 0	 0	 已耗费时间g为 5	 标识来源于M30	 激发的变迁	 4	 它不是终止标识 NO 它不是重复标识
m56的标识是 1	 0	 0	 1	 0	 1	 1	 0	 0	 0	 0	 0	 已等待时间x是 0	 0	 0	 0	 0	 0	 0	 0	 0	 0	 0	 0	 已耗费时间g为 3	 标识来源于M30	 激发的变迁	 5	 它不是终止标识 NO 它不是重复标识
m57的标识是 1	 0	 0	 1	 1	 0	 0	 1	 0	 0	 0	 0	 已等待时间x是 0	 0	 0	 0	 0	 0	 0	 0	 0	 0	 0	 0	 已耗费时间g为 3	 标识来源于M30	 激发的变迁	 6	 它不是终止标识 NO 它不是重复标识
m60的标识是 1	 1	 0	 0	 0	 1	 0	 0	 1	 0	 1	 1	 已等待时间x是 0	 0	 0	 0	 0	 0	 0	 0	 0	 0	 0	 0	 已耗费时间g为 6	 标识来源于M31	 激发的变迁	 7	 它不是终止标识 NO 它不是重复标识
m63的标识是 1	 1	 0	 0	 1	 0	 0	 0	 0	 1	 1	 1	 已等待时间x是 0	 0	 0	 0	 0	 0	 0	 0	 0	 0	 0	 0	 已耗费时间g为 5	 标识来源于M32	 激发的变迁	 8	 它不是终止标识 NO 它不是重复标识
m64的标识是 0	 1	 1	 0	 0	 1	 1	 0	 0	 0	 0	 0	 已等待时间x是 0	 0	 0	 0	 0	 0	 2	 0	 0	 0	 0	 0	 已耗费时间g为 3	 标识来源于M33	 激发的变迁	 1	 它不是终止标识 NO 它不是重复标识
m65的标识是 1	 0	 0	 1	 0	 1	 1	 0	 0	 0	 0	 0	 已等待时间x是 0	 0	 0	 0	 0	 0	 2	 0	 0	 0	 0	 0	 已耗费时间g为 3	 标识来源于M33	 激发的变迁	 2	 它不是终止标识 NO 它不是重复标识
m66的标识是 1	 1	 0	 0	 0	 1	 0	 0	 1	 0	 1	 1	 已等待时间x是 0	 0	 0	 0	 0	 0	 0	 0	 0	 0	 0	 0	 已耗费时间g为 4	 标识来源于M33	 激发的变迁	 7	 它不是终止标识 NO 它不是重复标识
m70的标识是 0	 1	 1	 0	 1	 0	 0	 1	 0	 0	 0	 0	 已等待时间x是 0	 0	 0	 0	 0	 0	 0	 1	 0	 0	 0	 0	 已耗费时间g为 3	 标识来源于M37	 激发的变迁	 1	 它不是终止标识 NO 它不是重复标识
m71的标识是 1	 0	 0	 1	 1	 0	 0	 1	 0	 0	 0	 0	 已等待时间x是 0	 0	 0	 0	 0	 0	 0	 1	 0	 0	 0	 0	 已耗费时间g为 3	 标识来源于M37	 激发的变迁	 2	 它不是终止标识 NO 它不是重复标识
m72的标识是 1	 1	 0	 0	 1	 0	 0	 0	 0	 1	 1	 1	 已等待时间x是 0	 0	 0	 0	 0	 0	 0	 0	 0	 0	 0	 0	 已耗费时间g为 4	 标识来源于M37	 激发的变迁	 8	 它不是终止标识 NO 它不是重复标识
m75的标识是 1	 0	 1	 0	 0	 1	 0	 1	 0	 0	 0	 0	 已等待时间x是 0	 0	 0	 0	 0	 0	 0	 0	 0	 0	 0	 0	 已耗费时间g为 4	 标识来源于M39	 激发的变迁	 6	 它不是终止标识 NO 它不是重复标识
m77的标识是 2	 0	 0	 0	 0	 1	 0	 0	 0	 1	 1	 1	 已等待时间x是 0	 0	 0	 0	 0	 0	 0	 0	 0	 0	 0	 0	 已耗费时间g为 6	 标识来源于M40	 激发的变迁	 8	 它不是终止标识 NO 它不是重复标识
m78的标识是 1	 0	 1	 0	 0	 1	 0	 1	 0	 0	 0	 0	 已等待时间x是 0	 0	 0	 0	 0	 0	 0	 2	 0	 0	 0	 0	 已耗费时间g为 4	 标识来源于M41	 激发的变迁	 1	 它不是终止标识 NO 它不是重复标识
m79的标识是 2	 0	 0	 0	 0	 1	 0	 0	 0	 1	 1	 1	 已等待时间x是 0	 0	 0	 0	 0	 0	 0	 0	 0	 0	 0	 0	 已耗费时间g为 4	 标识来源于M41	 激发的变迁	 8	 它不是终止标识 NO 它不是重复标识
m83的标识是 0	 0	 0	 1	 2	 1	 0	 0	 0	 0	 0	 1	 已等待时间x是 0	 0	 0	 0	 0	 0	 0	 0	 0	 0	 0	 0	 已耗费时间g为 4	 标识来源于M45	 激发的变迁	 2	 它不是终止标识 NO 它不是重复标识
m84的标识是 0	 1	 0	 0	 1	 1	 1	 0	 0	 0	 1	 0	 已等待时间x是 0	 0	 0	 0	 0	 0	 0	 0	 0	 0	 0	 0	 已耗费时间g为 4	 标识来源于M45	 激发的变迁	 5	 它不是终止标识 NO 它不是重复标识
m85的标识是 0	 1	 0	 0	 2	 0	 0	 1	 0	 0	 1	 0	 已等待时间x是 0	 0	 0	 0	 0	 0	 0	 0	 0	 0	 0	 0	 已耗费时间g为 4	 标识来源于M45	 激发的变迁	 6	 它不是终止标识 NO 它不是重复标识
m86的标识是 0	 1	 0	 0	 1	 1	 1	 0	 0	 0	 1	 0	 已等待时间x是 0	 0	 0	 0	 0	 0	 2	 0	 0	 0	 0	 0	 已耗费时间g为 4	 标识来源于M46	 激发的变迁	 4	 它不是终止标识 NO 它不是重复标识
m87的标识是 0	 1	 0	 1	 1	 0	 0	 0	 1	 0	 0	 1	 已等待时间x是 0	 0	 0	 3	 0	 0	 0	 0	 0	 0	 0	 0	 已耗费时间g为 5	 标识来源于M46	 激发的变迁	 7	 它不是终止标识 NO 它不是重复标识
m88的标识是 0	 1	 0	 1	 1	 0	 0	 0	 1	 0	 0	 1	 已等待时间x是 0	 0	 0	 0	 0	 0	 0	 0	 0	 0	 0	 0	 已耗费时间g为 5	 标识来源于M48	 激发的变迁	 2	 它不是终止标识 NO 它不是重复标识
m89的标识是 0	 2	 0	 0	 0	 0	 1	 0	 1	 0	 1	 0	 已等待时间x是 0	 0	 0	 0	 0	 0	 0	 0	 0	 0	 0	 0	 已耗费时间g为 5	 标识来源于M48	 激发的变迁	 5	 它不是终止标识 NO 它不是重复标识
m90的标识是 0	 1	 0	 0	 1	 1	 1	 0	 0	 0	 1	 0	 已等待时间x是 0	 0	 0	 0	 0	 0	 3	 0	 0	 0	 0	 0	 已耗费时间g为 4	 标识来源于M49	 激发的变迁	 4	 它不是终止标识 NO 它不是重复标识
m91的标识是 0	 1	 0	 1	 1	 0	 0	 0	 1	 0	 0	 1	 已等待时间x是 0	 0	 0	 2	 0	 0	 0	 0	 0	 0	 0	 0	 已耗费时间g为 4	 标识来源于M49	 激发的变迁	 7	 它不是终止标识 NO 它不是重复标识
m92的标识是 0	 1	 0	 1	 1	 0	 0	 0	 1	 0	 0	 1	 已等待时间x是 0	 0	 0	 0	 0	 0	 0	 0	 0	 0	 0	 0	 已耗费时间g为 4	 标识来源于M50	 激发的变迁	 2	 它不是终止标识 NO 它不是重复标识
m93的标识是 0	 2	 0	 0	 0	 0	 1	 0	 1	 0	 1	 0	 已等待时间x是 0	 0	 0	 0	 0	 0	 0	 0	 0	 0	 0	 0	 已耗费时间g为 4	 标识来源于M50	 激发的变迁	 5	 它不是终止标识 NO 它不是重复标识
m94的标识是 0	 1	 0	 0	 1	 1	 1	 0	 0	 0	 1	 0	 已等待时间x是 0	 0	 0	 0	 0	 0	 1	 0	 0	 0	 0	 0	 已耗费时间g为 4	 标识来源于M53	 激发的变迁	 3	 它不是终止标识 NO 它不是重复标识
m95的标识是 0	 1	 1	 0	 0	 1	 0	 0	 1	 0	 0	 1	 已等待时间x是 0	 0	 3	 0	 0	 0	 0	 0	 0	 0	 0	 0	 已耗费时间g为 6	 标识来源于M53	 激发的变迁	 7	 它不是终止标识 NO 它不是重复标识
m96的标识是 0	 1	 0	 0	 2	 0	 0	 1	 0	 0	 1	 0	 已等待时间x是 0	 0	 0	 0	 0	 0	 0	 1	 0	 0	 0	 0	 已耗费时间g为 4	 标识来源于M54	 激发的变迁	 3	 它不是终止标识 NO 它不是重复标识
m97的标识是 0	 1	 1	 0	 1	 0	 0	 0	 0	 1	 0	 1	 已等待时间x是 0	 0	 2	 0	 0	 0	 0	 0	 0	 0	 0	 0	 已耗费时间g为 5	 标识来源于M54	 激发的变迁	 8	 它不是终止标识 NO 它不是重复标识
m98的标识是 0	 0	 1	 0	 1	 2	 0	 0	 0	 0	 0	 1	 已等待时间x是 0	 0	 0	 0	 0	 0	 0	 0	 0	 0	 0	 0	 已耗费时间g为 5	 标识来源于M55	 激发的变迁	 1	 它不是终止标识 NO 它不是重复标识
m99的标识是 1	 0	 0	 0	 0	 2	 1	 0	 0	 0	 1	 0	 已等待时间x是 0	 0	 0	 0	 0	 0	 0	 0	 0	 0	 0	 0	 已耗费时间g为 5	 标识来源于M55	 激发的变迁	 5	 它不是终止标识 NO 它不是重复标识
m100的标识是 1	 0	 0	 0	 1	 1	 0	 1	 0	 0	 1	 0	 已等待时间x是 0	 0	 0	 0	 0	 0	 0	 0	 0	 0	 0	 0	 已耗费时间g为 5	 标识来源于M55	 激发的变迁	 6	 它不是终止标识 NO 它不是重复标识
m101的标识是 1	 0	 0	 0	 0	 2	 1	 0	 0	 0	 1	 0	 已等待时间x是 0	 0	 0	 0	 0	 0	 2	 0	 0	 0	 0	 0	 已耗费时间g为 5	 标识来源于M56	 激发的变迁	 4	 它不是终止标识 NO 它不是重复标识
m102的标识是 1	 0	 0	 1	 0	 1	 0	 0	 1	 0	 0	 1	 已等待时间x是 0	 0	 0	 3	 0	 0	 0	 0	 0	 0	 0	 0	 已耗费时间g为 6	 标识来源于M56	 激发的变迁	 7	 它不是终止标识 NO 它不是重复标识
m103的标识是 1	 0	 0	 0	 1	 1	 0	 1	 0	 0	 1	 0	 已等待时间x是 0	 0	 0	 0	 0	 0	 0	 2	 0	 0	 0	 0	 已耗费时间g为 5	 标识来源于M57	 激发的变迁	 4	 它不是终止标识 NO 它不是重复标识
m104的标识是 1	 0	 0	 1	 1	 0	 0	 0	 0	 1	 0	 1	 已等待时间x是 0	 0	 0	 2	 0	 0	 0	 0	 0	 0	 0	 0	 已耗费时间g为 5	 标识来源于M57	 激发的变迁	 8	 它不是终止标识 NO 它不是重复标识
m105的标识是 0	 1	 1	 0	 0	 1	 0	 0	 1	 0	 0	 1	 已等待时间x是 0	 0	 0	 0	 0	 0	 0	 0	 0	 0	 0	 0	 已耗费时间g为 6	 标识来源于M60	 激发的变迁	 1	 它不是终止标识 NO 它不是重复标识
m106的标识是 1	 0	 0	 1	 0	 1	 0	 0	 1	 0	 0	 1	 已等待时间x是 0	 0	 0	 0	 0	 0	 0	 0	 0	 0	 0	 0	 已耗费时间g为 6	 标识来源于M60	 激发的变迁	 2	 它不是终止标识 NO 它不是重复标识
m107的标识是 1	 1	 0	 0	 0	 0	 0	 1	 1	 0	 1	 0	 已等待时间x是 0	 0	 0	 0	 0	 0	 0	 0	 0	 0	 0	 0	 已耗费时间g为 6	 标识来源于M60	 激发的变迁	 6	 它不是终止标识 NO 它不是重复标识
m108的标识是 0	 1	 1	 0	 1	 0	 0	 0	 0	 1	 0	 1	 已等待时间x是 0	 0	 0	 0	 0	 0	 0	 0	 0	 0	 0	 0	 已耗费时间g为 5	 标识来源于M63	 激发的变迁	 1	 它不是终止标识 NO 它不是重复标识
m109的标识是 1	 0	 0	 1	 1	 0	 0	 0	 0	 1	 0	 1	 已等待时间x是 0	 0	 0	 0	 0	 0	 0	 0	 0	 0	 0	 0	 已耗费时间g为 5	 标识来源于M63	 激发的变迁	 2	 它不是终止标识 NO 它不是重复标识
m110的标识是 1	 1	 0	 0	 0	 0	 1	 0	 0	 1	 1	 0	 已等待时间x是 0	 0	 0	 0	 0	 0	 0	 0	 0	 0	 0	 0	 已耗费时间g为 5	 标识来源于M63	 激发的变迁	 5	 它不是终止标识 NO 它不是重复标识
m112的标识是 0	 1	 1	 0	 0	 1	 0	 0	 1	 0	 0	 1	 已等待时间x是 0	 0	 1	 0	 0	 0	 0	 0	 0	 0	 0	 0	 已耗费时间g为 4	 标识来源于M64	 激发的变迁	 7	 它不是终止标识 NO 它不是重复标识
m113的标识是 1	 0	 0	 0	 0	 2	 1	 0	 0	 0	 1	 0	 已等待时间x是 0	 0	 0	 0	 0	 0	 4	 0	 0	 0	 0	 0	 已耗费时间g为 5	 标识来源于M65	 激发的变迁	 4	 它不是终止标识 NO 它不是重复标识
m114的标识是 1	 0	 0	 1	 0	 1	 0	 0	 1	 0	 0	 1	 已等待时间x是 0	 0	 0	 1	 0	 0	 0	 0	 0	 0	 0	 0	 已耗费时间g为 4	 标识来源于M65	 激发的变迁	 7	 它不是终止标识 NO 它不是重复标识
m115的标识是 0	 1	 1	 0	 0	 1	 0	 0	 1	 0	 0	 1	 已等待时间x是 0	 0	 0	 0	 0	 0	 0	 0	 0	 0	 0	 0	 已耗费时间g为 4	 标识来源于M66	 激发的变迁	 1	 它不是终止标识 NO 它不是重复标识
m116的标识是 1	 0	 0	 1	 0	 1	 0	 0	 1	 0	 0	 1	 已等待时间x是 0	 0	 0	 0	 0	 0	 0	 0	 0	 0	 0	 0	 已耗费时间g为 4	 标识来源于M66	 激发的变迁	 2	 它不是终止标识 NO 它不是重复标识
m117的标识是 1	 1	 0	 0	 0	 0	 0	 1	 1	 0	 1	 0	 已等待时间x是 0	 0	 0	 0	 0	 0	 0	 0	 0	 0	 0	 0	 已耗费时间g为 4	 标识来源于M66	 激发的变迁	 6	 它不是终止标识 NO 它不是重复标识
m118的标识是 0	 1	 0	 0	 2	 0	 0	 1	 0	 0	 1	 0	 已等待时间x是 0	 0	 0	 0	 0	 0	 0	 2	 0	 0	 0	 0	 已耗费时间g为 4	 标识来源于M70	 激发的变迁	 3	 它不是终止标识 NO 它不是重复标识
m119的标识是 0	 1	 1	 0	 1	 0	 0	 0	 0	 1	 0	 1	 已等待时间x是 0	 0	 1	 0	 0	 0	 0	 0	 0	 0	 0	 0	 已耗费时间g为 4	 标识来源于M70	 激发的变迁	 8	 它不是终止标识 NO 它不是重复标识
m120的标识是 1	 0	 0	 0	 1	 1	 0	 1	 0	 0	 1	 0	 已等待时间x是 0	 0	 0	 0	 0	 0	 0	 3	 0	 0	 0	 0	 已耗费时间g为 5	 标识来源于M71	 激发的变迁	 4	 它不是终止标识 NO 它不是重复标识
m121的标识是 1	 0	 0	 1	 1	 0	 0	 0	 0	 1	 0	 1	 已等待时间x是 0	 0	 0	 1	 0	 0	 0	 0	 0	 0	 0	 0	 已耗费时间g为 4	 标识来源于M71	 激发的变迁	 8	 它不是终止标识 NO 它不是重复标识
m122的标识是 0	 1	 1	 0	 1	 0	 0	 0	 0	 1	 0	 1	 已等待时间x是 0	 0	 0	 0	 0	 0	 0	 0	 0	 0	 0	 0	 已耗费时间g为 4	 标识来源于M72	 激发的变迁	 1	 它不是终止标识 NO 它不是重复标识
m123的标识是 1	 0	 0	 1	 1	 0	 0	 0	 0	 1	 0	 1	 已等待时间x是 0	 0	 0	 0	 0	 0	 0	 0	 0	 0	 0	 0	 已耗费时间g为 4	 标识来源于M72	 激发的变迁	 2	 它不是终止标识 NO 它不是重复标识
m124的标识是 1	 1	 0	 0	 0	 0	 1	 0	 0	 1	 1	 0	 已等待时间x是 0	 0	 0	 0	 0	 0	 0	 0	 0	 0	 0	 0	 已耗费时间g为 4	 标识来源于M72	 激发的变迁	 5	 它不是终止标识 NO 它不是重复标识
m125的标识是 1	 0	 0	 0	 1	 1	 0	 1	 0	 0	 1	 0	 已等待时间x是 0	 0	 0	 0	 0	 0	 0	 1	 0	 0	 0	 0	 已耗费时间g为 5	 标识来源于M75	 激发的变迁	 3	 它不是终止标识 NO 它不是重复标识
m126的标识是 1	 0	 1	 0	 0	 1	 0	 0	 0	 1	 0	 1	 已等待时间x是 0	 0	 2	 0	 0	 0	 0	 0	 0	 0	 0	 0	 已耗费时间g为 6	 标识来源于M75	 激发的变迁	 8	 它不是终止标识 NO 它不是重复标识
m127的标识是 1	 0	 1	 0	 0	 1	 0	 0	 0	 1	 0	 1	 已等待时间x是 0	 0	 0	 0	 0	 0	 0	 0	 0	 0	 0	 0	 已耗费时间g为 6	 标识来源于M77	 激发的变迁	 1	 它不是终止标识 NO 它不是重复标识
m128的标识是 2	 0	 0	 0	 0	 0	 0	 1	 0	 1	 1	 0	 已等待时间x是 0	 0	 0	 0	 0	 0	 0	 0	 0	 0	 0	 0	 已耗费时间g为 6	 标识来源于M77	 激发的变迁	 6	 它不是终止标识 NO 它不是重复标识
m130的标识是 1	 0	 1	 0	 0	 1	 0	 0	 0	 1	 0	 1	 已等待时间x是 0	 0	 0	 0	 0	 0	 0	 0	 0	 0	 0	 0	 已耗费时间g为 4	 标识来源于M78	 激发的变迁	 8	 它不是终止标识 NO 它不是重复标识
m132的标识是 2	 0	 0	 0	 0	 0	 0	 1	 0	 1	 1	 0	 已等待时间x是 0	 0	 0	 0	 0	 0	 0	 0	 0	 0	 0	 0	 已耗费时间g为 4	 标识来源于M79	 激发的变迁	 6	 它不是终止标识 NO 它不是重复标识
m133的标识是 0	 0	 0	 0	 2	 2	 0	 0	 0	 0	 1	 1	 已等待时间x是 0	 0	 0	 0	 0	 0	 0	 0	 0	 0	 0	 0	 已耗费时间g为 6	 标识来源于M83	 激发的变迁	 4	 它不是终止标识 NO 它不是重复标识
m134的标识是 0	 0	 0	 1	 1	 1	 1	 0	 0	 0	 0	 0	 已等待时间x是 0	 0	 0	 0	 0	 0	 0	 0	 0	 0	 0	 0	 已耗费时间g为 4	 标识来源于M83	 激发的变迁	 5	 它不是终止标识 NO 它不是重复标识
m135的标识是 0	 0	 0	 1	 2	 0	 0	 1	 0	 0	 0	 0	 已等待时间x是 0	 0	 0	 0	 0	 0	 0	 0	 0	 0	 0	 0	 已耗费时间g为 4	 标识来源于M83	 激发的变迁	 6	 它不是终止标识 NO 它不是重复标识
m137的标识是 0	 1	 0	 0	 1	 1	 0	 0	 1	 0	 1	 1	 已等待时间x是 0	 0	 0	 0	 0	 0	 0	 0	 0	 0	 0	 0	 已耗费时间g为 7	 标识来源于M84	 激发的变迁	 7	 它不是终止标识 NO 它不是重复标识
m139的标识是 0	 1	 0	 0	 2	 0	 0	 0	 0	 1	 1	 1	 已等待时间x是 0	 0	 0	 0	 0	 0	 0	 0	 0	 0	 0	 0	 已耗费时间g为 6	 标识来源于M85	 激发的变迁	 8	 它不是终止标识 NO 它不是重复标识
m140的标识是 0	 0	 0	 1	 1	 1	 1	 0	 0	 0	 0	 0	 已等待时间x是 0	 0	 0	 0	 0	 0	 2	 0	 0	 0	 0	 0	 已耗费时间g为 4	 标识来源于M86	 激发的变迁	 2	 它不是终止标识 NO 它不是重复标识
m141的标识是 0	 1	 0	 0	 1	 1	 0	 0	 1	 0	 1	 1	 已等待时间x是 0	 0	 0	 0	 0	 0	 0	 0	 0	 0	 0	 0	 已耗费时间g为 5	 标识来源于M86	 激发的变迁	 7	 它不是终止标识 NO 它不是重复标识
m143的标识是 0	 1	 0	 1	 0	 0	 1	 0	 1	 0	 0	 0	 已等待时间x是 0	 0	 0	 3	 0	 0	 0	 0	 0	 0	 0	 0	 已耗费时间g为 5	 标识来源于M87	 激发的变迁	 5	 它不是终止标识 NO 它不是重复标识
m145的标识是 0	 1	 0	 1	 0	 0	 1	 0	 1	 0	 0	 0	 已等待时间x是 0	 0	 0	 0	 0	 0	 0	 0	 0	 0	 0	 0	 已耗费时间g为 5	 标识来源于M88	 激发的变迁	 5	 它不是终止标识 NO 它不是重复标识
m147的标识是 0	 2	 0	 0	 0	 0	 0	 0	 2	 0	 1	 1	 已等待时间x是 0	 0	 0	 0	 0	 0	 0	 0	 0	 0	 0	 0	 已耗费时间g为 8	 标识来源于M89	 激发的变迁	 7	 它不是终止标识 NO 它不是重复标识
m148的标识是 0	 0	 0	 1	 1	 1	 1	 0	 0	 0	 0	 0	 已等待时间x是 0	 0	 0	 0	 0	 0	 3	 0	 0	 0	 0	 0	 已耗费时间g为 4	 标识来源于M90	 激发的变迁	 2	 它不是终止标识 NO 它不是重复标识
m149的标识是 0	 1	 0	 0	 1	 1	 0	 0	 1	 0	 1	 1	 已等待时间x是 0	 0	 0	 0	 0	 0	 0	 0	 0	 0	 0	 0	 已耗费时间g为 4	 标识来源于M90	 激发的变迁	 7	 它不是终止标识 NO 它不是重复标识
m151的标识是 0	 1	 0	 1	 0	 0	 1	 0	 1	 0	 0	 0	 已等待时间x是 0	 0	 0	 2	 0	 0	 0	 0	 0	 0	 0	 0	 已耗费时间g为 4	 标识来源于M91	 激发的变迁	 5	 它不是终止标识 NO 它不是重复标识
m152的标识是 0	 1	 0	 0	 1	 1	 0	 0	 1	 0	 1	 1	 已等待时间x是 0	 0	 0	 0	 0	 0	 0	 0	 0	 0	 0	 0	 已耗费时间g为 6	 标识来源于M92	 激发的变迁	 4	 它不是终止标识 NO 它不是重复标识
m153的标识是 0	 1	 0	 1	 0	 0	 1	 0	 1	 0	 0	 0	 已等待时间x是 0	 0	 0	 0	 0	 0	 0	 0	 0	 0	 0	 0	 已耗费时间g为 4	 标识来源于M92	 激发的变迁	 5	 它不是终止标识 NO 它不是重复标识
m155的标识是 0	 2	 0	 0	 0	 0	 0	 0	 2	 0	 1	 1	 已等待时间x是 0	 0	 0	 0	 0	 0	 0	 0	 0	 0	 0	 0	 已耗费时间g为 7	 标识来源于M93	 激发的变迁	 7	 它不是终止标识 NO 它不是重复标识
m156的标识是 0	 0	 0	 1	 1	 1	 1	 0	 0	 0	 0	 0	 已等待时间x是 0	 0	 0	 0	 0	 0	 1	 0	 0	 0	 0	 0	 已耗费时间g为 4	 标识来源于M94	 激发的变迁	 2	 它不是终止标识 NO 它不是重复标识
m159的标识是 0	 1	 1	 0	 0	 0	 0	 1	 1	 0	 0	 0	 已等待时间x是 0	 0	 3	 0	 0	 0	 0	 0	 0	 0	 0	 0	 已耗费时间g为 6	 标识来源于M95	 激发的变迁	 6	 它不是终止标识 NO 它不是重复标识
m160的标识是 0	 0	 0	 1	 2	 0	 0	 1	 0	 0	 0	 0	 已等待时间x是 0	 0	 0	 0	 0	 0	 0	 1	 0	 0	 0	 0	 已耗费时间g为 4	 标识来源于M96	 激发的变迁	 2	 它不是终止标识 NO 它不是重复标识
m161的标识是 0	 1	 0	 0	 2	 0	 0	 0	 0	 1	 1	 1	 已等待时间x是 0	 0	 0	 0	 0	 0	 0	 0	 0	 0	 0	 0	 已耗费时间g为 5	 标识来源于M96	 激发的变迁	 8	 它不是终止标识 NO 它不是重复标识
m163的标识是 0	 1	 1	 0	 0	 0	 1	 0	 0	 1	 0	 0	 已等待时间x是 0	 0	 2	 0	 0	 0	 0	 0	 0	 0	 0	 0	 已耗费时间g为 5	 标识来源于M97	 激发的变迁	 5	 它不是终止标识 NO 它不是重复标识
m165的标识是 0	 0	 1	 0	 0	 2	 1	 0	 0	 0	 0	 0	 已等待时间x是 0	 0	 0	 0	 0	 0	 0	 0	 0	 0	 0	 0	 已耗费时间g为 5	 标识来源于M98	 激发的变迁	 5	 它不是终止标识 NO 它不是重复标识
m166的标识是 0	 0	 1	 0	 1	 1	 0	 1	 0	 0	 0	 0	 已等待时间x是 0	 0	 0	 0	 0	 0	 0	 0	 0	 0	 0	 0	 已耗费时间g为 5	 标识来源于M98	 激发的变迁	 6	 它不是终止标识 NO 它不是重复标识
m168的标识是 1	 0	 0	 0	 0	 2	 0	 0	 1	 0	 1	 1	 已等待时间x是 0	 0	 0	 0	 0	 0	 0	 0	 0	 0	 0	 0	 已耗费时间g为 8	 标识来源于M99	 激发的变迁	 7	 它不是终止标识 NO 它不是重复标识
m170的标识是 1	 0	 0	 0	 1	 1	 0	 0	 0	 1	 1	 1	 已等待时间x是 0	 0	 0	 0	 0	 0	 0	 0	 0	 0	 0	 0	 已耗费时间g为 7	 标识来源于M100	 激发的变迁	 8	 它不是终止标识 NO 它不是重复标识
m171的标识是 0	 0	 1	 0	 0	 2	 1	 0	 0	 0	 0	 0	 已等待时间x是 0	 0	 0	 0	 0	 0	 2	 0	 0	 0	 0	 0	 已耗费时间g为 5	 标识来源于M101	 激发的变迁	 1	 它不是终止标识 NO 它不是重复标识
m172的标识是 1	 0	 0	 0	 0	 2	 0	 0	 1	 0	 1	 1	 已等待时间x是 0	 0	 0	 0	 0	 0	 0	 0	 0	 0	 0	 0	 已耗费时间g为 6	 标识来源于M101	 激发的变迁	 7	 它不是终止标识 NO 它不是重复标识
m174的标识是 1	 0	 0	 1	 0	 0	 0	 1	 1	 0	 0	 0	 已等待时间x是 0	 0	 0	 3	 0	 0	 0	 0	 0	 0	 0	 0	 已耗费时间g为 6	 标识来源于M102	 激发的变迁	 6	 它不是终止标识 NO 它不是重复标识
m175的标识是 0	 0	 1	 0	 1	 1	 0	 1	 0	 0	 0	 0	 已等待时间x是 0	 0	 0	 0	 0	 0	 0	 2	 0	 0	 0	 0	 已耗费时间g为 5	 标识来源于M103	 激发的变迁	 1	 它不是终止标识 NO 它不是重复标识
m176的标识是 1	 0	 0	 0	 1	 1	 0	 0	 0	 1	 1	 1	 已等待时间x是 0	 0	 0	 0	 0	 0	 0	 0	 0	 0	 0	 0	 已耗费时间g为 5	 标识来源于M103	 激发的变迁	 8	 它不是终止标识 NO 它不是重复标识
m178的标识是 1	 0	 0	 1	 0	 0	 1	 0	 0	 1	 0	 0	 已等待时间x是 0	 0	 0	 2	 0	 0	 0	 0	 0	 0	 0	 0	 已耗费时间g为 5	 标识来源于M104	 激发的变迁	 5	 它不是终止标识 NO 它不是重复标识
m180的标识是 0	 1	 1	 0	 0	 0	 0	 1	 1	 0	 0	 0	 已等待时间x是 0	 0	 0	 0	 0	 0	 0	 0	 0	 0	 0	 0	 已耗费时间g为 6	 标识来源于M105	 激发的变迁	 6	 它不是终止标识 NO 它不是重复标识
m182的标识是 1	 0	 0	 1	 0	 0	 0	 1	 1	 0	 0	 0	 已等待时间x是 0	 0	 0	 0	 0	 0	 0	 0	 0	 0	 0	 0	 已耗费时间g为 6	 标识来源于M106	 激发的变迁	 6	 它不是终止标识 NO 它不是重复标识
m185的标识是 1	 1	 0	 0	 0	 0	 0	 0	 1	 1	 1	 1	 已等待时间x是 0	 0	 0	 0	 0	 0	 0	 0	 0	 0	 0	 0	 已耗费时间g为 8	 标识来源于M107	 激发的变迁	 8	 它不是终止标识 NO 它不是重复标识
m187的标识是 0	 1	 1	 0	 0	 0	 1	 0	 0	 1	 0	 0	 已等待时间x是 0	 0	 0	 0	 0	 0	 0	 0	 0	 0	 0	 0	 已耗费时间g为 5	 标识来源于M108	 激发的变迁	 5	 它不是终止标识 NO 它不是重复标识
m189的标识是 1	 0	 0	 1	 0	 0	 1	 0	 0	 1	 0	 0	 已等待时间x是 0	 0	 0	 0	 0	 0	 0	 0	 0	 0	 0	 0	 已耗费时间g为 5	 标识来源于M109	 激发的变迁	 5	 它不是终止标识 NO 它不是重复标识
m194的标识是 0	 1	 1	 0	 0	 0	 0	 1	 1	 0	 0	 0	 已等待时间x是 0	 0	 1	 0	 0	 0	 0	 0	 0	 0	 0	 0	 已耗费时间g为 4	 标识来源于M112	 激发的变迁	 6	 它不是终止标识 NO 它不是重复标识
m195的标识是 0	 0	 1	 0	 0	 2	 1	 0	 0	 0	 0	 0	 已等待时间x是 0	 0	 0	 0	 0	 0	 4	 0	 0	 0	 0	 0	 已耗费时间g为 5	 标识来源于M113	 激发的变迁	 1	 它不是终止标识 NO 它不是重复标识
m196的标识是 1	 0	 0	 0	 0	 2	 0	 0	 1	 0	 1	 1	 已等待时间x是 0	 0	 0	 0	 0	 0	 0	 0	 0	 0	 0	 0	 已耗费时间g为 5	 标识来源于M113	 激发的变迁	 7	 它不是终止标识 NO 它不是重复标识
m198的标识是 1	 0	 0	 1	 0	 0	 0	 1	 1	 0	 0	 0	 已等待时间x是 0	 0	 0	 1	 0	 0	 0	 0	 0	 0	 0	 0	 已耗费时间g为 4	 标识来源于M114	 激发的变迁	 6	 它不是终止标识 NO 它不是重复标识
m200的标识是 0	 1	 1	 0	 0	 0	 0	 1	 1	 0	 0	 0	 已等待时间x是 0	 0	 0	 0	 0	 0	 0	 0	 0	 0	 0	 0	 已耗费时间g为 4	 标识来源于M115	 激发的变迁	 6	 它不是终止标识 NO 它不是重复标识
m202的标识是 1	 0	 0	 1	 0	 0	 0	 1	 1	 0	 0	 0	 已等待时间x是 0	 0	 0	 0	 0	 0	 0	 0	 0	 0	 0	 0	 已耗费时间g为 4	 标识来源于M116	 激发的变迁	 6	 它不是终止标识 NO 它不是重复标识
m205的标识是 1	 1	 0	 0	 0	 0	 0	 0	 1	 1	 1	 1	 已等待时间x是 0	 0	 0	 0	 0	 0	 0	 0	 0	 0	 0	 0	 已耗费时间g为 6	 标识来源于M117	 激发的变迁	 8	 它不是终止标识 NO 它不是重复标识
m206的标识是 0	 0	 0	 1	 2	 0	 0	 1	 0	 0	 0	 0	 已等待时间x是 0	 0	 0	 0	 0	 0	 0	 2	 0	 0	 0	 0	 已耗费时间g为 4	 标识来源于M118	 激发的变迁	 2	 它不是终止标识 NO 它不是重复标识
m207的标识是 0	 1	 0	 0	 2	 0	 0	 0	 0	 1	 1	 1	 已等待时间x是 0	 0	 0	 0	 0	 0	 0	 0	 0	 0	 0	 0	 已耗费时间g为 4	 标识来源于M118	 激发的变迁	 8	 它不是终止标识 NO 它不是重复标识
m209的标识是 0	 1	 1	 0	 0	 0	 1	 0	 0	 1	 0	 0	 已等待时间x是 0	 0	 1	 0	 0	 0	 0	 0	 0	 0	 0	 0	 已耗费时间g为 4	 标识来源于M119	 激发的变迁	 5	 它不是终止标识 NO 它不是重复标识
m210的标识是 0	 0	 1	 0	 1	 1	 0	 1	 0	 0	 0	 0	 已等待时间x是 0	 0	 0	 0	 0	 0	 0	 3	 0	 0	 0	 0	 已耗费时间g为 5	 标识来源于M120	 激发的变迁	 1	 它不是终止标识 NO 它不是重复标识
m213的标识是 1	 0	 0	 1	 0	 0	 1	 0	 0	 1	 0	 0	 已等待时间x是 0	 0	 0	 1	 0	 0	 0	 0	 0	 0	 0	 0	 已耗费时间g为 4	 标识来源于M121	 激发的变迁	 5	 它不是终止标识 NO 它不是重复标识
m215的标识是 0	 1	 1	 0	 0	 0	 1	 0	 0	 1	 0	 0	 已等待时间x是 0	 0	 0	 0	 0	 0	 0	 0	 0	 0	 0	 0	 已耗费时间g为 4	 标识来源于M122	 激发的变迁	 5	 它不是终止标识 NO 它不是重复标识
m216的标识是 1	 0	 0	 0	 1	 1	 0	 0	 0	 1	 1	 1	 已等待时间x是 0	 0	 0	 0	 0	 0	 0	 0	 0	 0	 0	 0	 已耗费时间g为 6	 标识来源于M123	 激发的变迁	 4	 它不是终止标识 NO 它不是重复标识
m217的标识是 1	 0	 0	 1	 0	 0	 1	 0	 0	 1	 0	 0	 已等待时间x是 0	 0	 0	 0	 0	 0	 0	 0	 0	 0	 0	 0	 已耗费时间g为 4	 标识来源于M123	 激发的变迁	 5	 它不是终止标识 NO 它不是重复标识
m220的标识是 1	 1	 0	 0	 0	 0	 0	 0	 1	 1	 1	 1	 已等待时间x是 0	 0	 0	 0	 0	 0	 0	 0	 0	 0	 0	 0	 已耗费时间g为 7	 标识来源于M124	 激发的变迁	 7	 它不是终止标识 NO 它不是重复标识
m221的标识是 0	 0	 1	 0	 1	 1	 0	 1	 0	 0	 0	 0	 已等待时间x是 0	 0	 0	 0	 0	 0	 0	 1	 0	 0	 0	 0	 已耗费时间g为 5	 标识来源于M125	 激发的变迁	 1	 它不是终止标识 NO 它不是重复标识
m224的标识是 1	 0	 1	 0	 0	 0	 0	 1	 0	 1	 0	 0	 已等待时间x是 0	 0	 2	 0	 0	 0	 0	 0	 0	 0	 0	 0	 已耗费时间g为 6	 标识来源于M126	 激发的变迁	 6	 它不是终止标识 NO 它不是重复标识
m226的标识是 1	 0	 1	 0	 0	 0	 0	 1	 0	 1	 0	 0	 已等待时间x是 0	 0	 0	 0	 0	 0	 0	 0	 0	 0	 0	 0	 已耗费时间g为 6	 标识来源于M127	 激发的变迁	 6	 它不是终止标识 NO 它不是重复标识
m228的标识是 2	 0	 0	 0	 0	 0	 0	 0	 0	 2	 1	 1	 已等待时间x是 0	 0	 0	 0	 0	 0	 0	 0	 0	 0	 0	 0	 已耗费时间g为 8	 标识来源于M128	 激发的变迁	 8	 它不是终止标识 NO 它不是重复标识
m230的标识是 1	 0	 1	 0	 0	 0	 0	 1	 0	 1	 0	 0	 已等待时间x是 0	 0	 0	 0	 0	 0	 0	 0	 0	 0	 0	 0	 已耗费时间g为 4	 标识来源于M130	 激发的变迁	 6	 它不是终止标识 NO 它不是重复标识
m232的标识是 2	 0	 0	 0	 0	 0	 0	 0	 0	 2	 1	 1	 已等待时间x是 0	 0	 0	 0	 0	 0	 0	 0	 0	 0	 0	 0	 已耗费时间g为 6	 标识来源于M132	 激发的变迁	 8	 它不是终止标识 NO 它不是重复标识
m233的标识是 0	 0	 0	 0	 1	 2	 1	 0	 0	 0	 1	 0	 已等待时间x是 0	 0	 0	 0	 0	 0	 0	 0	 0	 0	 0	 0	 已耗费时间g为 6	 标识来源于M133	 激发的变迁	 5	 它不是终止标识 NO 它不是重复标识
m234的标识是 0	 0	 0	 0	 2	 1	 0	 1	 0	 0	 1	 0	 已等待时间x是 0	 0	 0	 0	 0	 0	 0	 0	 0	 0	 0	 0	 已耗费时间g为 6	 标识来源于M133	 激发的变迁	 6	 它不是终止标识 NO 它不是重复标识
m235的标识是 0	 0	 0	 0	 1	 2	 1	 0	 0	 0	 1	 0	 已等待时间x是 0	 0	 0	 0	 0	 0	 2	 0	 0	 0	 0	 0	 已耗费时间g为 6	 标识来源于M134	 激发的变迁	 4	 它不是终止标识 NO 它不是重复标识
m236的标识是 0	 0	 0	 1	 1	 1	 0	 0	 1	 0	 0	 1	 已等待时间x是 0	 0	 0	 3	 0	 0	 0	 0	 0	 0	 0	 0	 已耗费时间g为 7	 标识来源于M134	 激发的变迁	 7	 它不是终止标识 NO 它不是重复标识
m237的标识是 0	 0	 0	 0	 2	 1	 0	 1	 0	 0	 1	 0	 已等待时间x是 0	 0	 0	 0	 0	 0	 0	 2	 0	 0	 0	 0	 已耗费时间g为 6	 标识来源于M135	 激发的变迁	 4	 它不是终止标识 NO 它不是重复标识
m238的标识是 0	 0	 0	 1	 2	 0	 0	 0	 0	 1	 0	 1	 已等待时间x是 0	 0	 0	 2	 0	 0	 0	 0	 0	 0	 0	 0	 已耗费时间g为 6	 标识来源于M135	 激发的变迁	 8	 它不是终止标识 NO 它不是重复标识
m239的标识是 0	 0	 0	 1	 1	 1	 0	 0	 1	 0	 0	 1	 已等待时间x是 0	 0	 0	 0	 0	 0	 0	 0	 0	 0	 0	 0	 已耗费时间g为 7	 标识来源于M137	 激发的变迁	 2	 它不是终止标识 NO 它不是重复标识
m240的标识是 0	 1	 0	 0	 0	 1	 1	 0	 1	 0	 1	 0	 已等待时间x是 0	 0	 0	 0	 0	 0	 0	 0	 0	 0	 0	 0	 已耗费时间g为 7	 标识来源于M137	 激发的变迁	 5	 它不是终止标识 NO 它不是重复标识
m241的标识是 0	 1	 0	 0	 1	 0	 0	 1	 1	 0	 1	 0	 已等待时间x是 0	 0	 0	 0	 0	 0	 0	 0	 0	 0	 0	 0	 已耗费时间g为 7	 标识来源于M137	 激发的变迁	 6	 它不是终止标识 NO 它不是重复标识
m242的标识是 0	 0	 0	 1	 2	 0	 0	 0	 0	 1	 0	 1	 已等待时间x是 0	 0	 0	 0	 0	 0	 0	 0	 0	 0	 0	 0	 已耗费时间g为 6	 标识来源于M139	 激发的变迁	 2	 它不是终止标识 NO 它不是重复标识
m243的标识是 0	 1	 0	 0	 1	 0	 1	 0	 0	 1	 1	 0	 已等待时间x是 0	 0	 0	 0	 0	 0	 0	 0	 0	 0	 0	 0	 已耗费时间g为 6	 标识来源于M139	 激发的变迁	 5	 它不是终止标识 NO 它不是重复标识
m244的标识是 0	 0	 0	 0	 1	 2	 1	 0	 0	 0	 1	 0	 已等待时间x是 0	 0	 0	 0	 0	 0	 4	 0	 0	 0	 0	 0	 已耗费时间g为 6	 标识来源于M140	 激发的变迁	 4	 它不是终止标识 NO 它不是重复标识
m245的标识是 0	 0	 0	 1	 1	 1	 0	 0	 1	 0	 0	 1	 已等待时间x是 0	 0	 0	 1	 0	 0	 0	 0	 0	 0	 0	 0	 已耗费时间g为 5	 标识来源于M140	 激发的变迁	 7	 它不是终止标识 NO 它不是重复标识
m246的标识是 0	 0	 0	 1	 1	 1	 0	 0	 1	 0	 0	 1	 已等待时间x是 0	 0	 0	 0	 0	 0	 0	 0	 0	 0	 0	 0	 已耗费时间g为 5	 标识来源于M141	 激发的变迁	 2	 它不是终止标识 NO 它不是重复标识
m247的标识是 0	 1	 0	 0	 0	 1	 1	 0	 1	 0	 1	 0	 已等待时间x是 0	 0	 0	 0	 0	 0	 0	 0	 0	 0	 0	 0	 已耗费时间g为 5	 标识来源于M141	 激发的变迁	 5	 它不是终止标识 NO 它不是重复标识
m248的标识是 0	 1	 0	 0	 1	 0	 0	 1	 1	 0	 1	 0	 已等待时间x是 0	 0	 0	 0	 0	 0	 0	 0	 0	 0	 0	 0	 已耗费时间g为 5	 标识来源于M141	 激发的变迁	 6	 它不是终止标识 NO 它不是重复标识
m250的标识是 0	 1	 0	 1	 0	 0	 0	 0	 2	 0	 0	 1	 已等待时间x是 0	 0	 0	 6	 0	 0	 0	 0	 0	 0	 0	 0	 已耗费时间g为 8	 标识来源于M143	 激发的变迁	 7	 它不是终止标识 NO 它不是重复标识
m251的标识是 0	 1	 0	 0	 0	 1	 1	 0	 1	 0	 1	 0	 已等待时间x是 0	 0	 0	 0	 0	 0	 2	 0	 0	 0	 0	 0	 已耗费时间g为 7	 标识来源于M145	 激发的变迁	 4	 它不是终止标识 NO 它不是重复标识
m252的标识是 0	 1	 0	 1	 0	 0	 0	 0	 2	 0	 0	 1	 已等待时间x是 0	 0	 0	 3	 0	 0	 0	 0	 0	 0	 0	 0	 已耗费时间g为 8	 标识来源于M145	 激发的变迁	 7	 它不是终止标识 NO 它不是重复标识
m253的标识是 0	 1	 0	 1	 0	 0	 0	 0	 2	 0	 0	 1	 已等待时间x是 0	 0	 0	 0	 0	 0	 0	 0	 0	 0	 0	 0	 已耗费时间g为 8	 标识来源于M147	 激发的变迁	 2	 它不是终止标识 NO 它不是重复标识
m254的标识是 0	 0	 0	 0	 1	 2	 1	 0	 0	 0	 1	 0	 已等待时间x是 0	 0	 0	 0	 0	 0	 5	 0	 0	 0	 0	 0	 已耗费时间g为 6	 标识来源于M148	 激发的变迁	 4	 它不是终止标识 NO 它不是重复标识
m255的标识是 0	 0	 0	 1	 1	 1	 0	 0	 1	 0	 0	 1	 已等待时间x是 0	 0	 0	 0	 0	 0	 0	 0	 0	 0	 0	 0	 已耗费时间g为 4	 标识来源于M148	 激发的变迁	 7	 它不是终止标识 NO 它不是重复标识
m257的标识是 0	 1	 0	 0	 0	 1	 1	 0	 1	 0	 1	 0	 已等待时间x是 0	 0	 0	 0	 0	 0	 0	 0	 0	 0	 0	 0	 已耗费时间g为 4	 标识来源于M149	 激发的变迁	 5	 它不是终止标识 NO 它不是重复标识
m258的标识是 0	 1	 0	 0	 1	 0	 0	 1	 1	 0	 1	 0	 已等待时间x是 0	 0	 0	 0	 0	 0	 0	 0	 0	 0	 0	 0	 已耗费时间g为 4	 标识来源于M149	 激发的变迁	 6	 它不是终止标识 NO 它不是重复标识
m260的标识是 0	 1	 0	 1	 0	 0	 0	 0	 2	 0	 0	 1	 已等待时间x是 0	 0	 0	 5	 0	 0	 0	 0	 0	 0	 0	 0	 已耗费时间g为 7	 标识来源于M151	 激发的变迁	 7	 它不是终止标识 NO 它不是重复标识
m261的标识是 0	 0	 0	 1	 1	 1	 0	 0	 1	 0	 0	 1	 已等待时间x是 0	 0	 0	 0	 0	 0	 0	 0	 0	 0	 0	 0	 已耗费时间g为 6	 标识来源于M152	 激发的变迁	 2	 它不是终止标识 NO 它不是重复标识
m262的标识是 0	 1	 0	 0	 0	 1	 1	 0	 1	 0	 1	 0	 已等待时间x是 0	 0	 0	 0	 0	 0	 0	 0	 0	 0	 0	 0	 已耗费时间g为 6	 标识来源于M152	 激发的变迁	 5	 它不是终止标识 NO 它不是重复标识
m263的标识是 0	 1	 0	 0	 1	 0	 0	 1	 1	 0	 1	 0	 已等待时间x是 0	 0	 0	 0	 0	 0	 0	 0	 0	 0	 0	 0	 已耗费时间g为 6	 标识来源于M152	 激发的变迁	 6	 它不是终止标识 NO 它不是重复标识
m264的标识是 0	 1	 0	 0	 0	 1	 1	 0	 1	 0	 1	 0	 已等待时间x是 0	 0	 0	 0	 0	 0	 2	 0	 0	 0	 0	 0	 已耗费时间g为 6	 标识来源于M153	 激发的变迁	 4	 它不是终止标识 NO 它不是重复标识
m265的标识是 0	 1	 0	 1	 0	 0	 0	 0	 2	 0	 0	 1	 已等待时间x是 0	 0	 0	 3	 0	 0	 0	 0	 0	 0	 0	 0	 已耗费时间g为 7	 标识来源于M153	 激发的变迁	 7	 它不是终止标识 NO 它不是重复标识
m266的标识是 0	 1	 0	 1	 0	 0	 0	 0	 2	 0	 0	 1	 已等待时间x是 0	 0	 0	 0	 0	 0	 0	 0	 0	 0	 0	 0	 已耗费时间g为 7	 标识来源于M155	 激发的变迁	 2	 它不是终止标识 NO 它不是重复标识
m267的标识是 0	 0	 0	 0	 1	 2	 1	 0	 0	 0	 1	 0	 已等待时间x是 0	 0	 0	 0	 0	 0	 3	 0	 0	 0	 0	 0	 已耗费时间g为 6	 标识来源于M156	 激发的变迁	 4	 它不是终止标识 NO 它不是重复标识
m268的标识是 0	 0	 0	 1	 1	 1	 0	 0	 1	 0	 0	 1	 已等待时间x是 0	 0	 0	 2	 0	 0	 0	 0	 0	 0	 0	 0	 已耗费时间g为 6	 标识来源于M156	 激发的变迁	 7	 它不是终止标识 NO 它不是重复标识
m270的标识是 0	 1	 1	 0	 0	 0	 0	 0	 1	 1	 0	 1	 已等待时间x是 0	 0	 5	 0	 0	 0	 0	 0	 0	 0	 0	 0	 已耗费时间g为 8	 标识来源于M159	 激发的变迁	 8	 它不是终止标识 NO 它不是重复标识
m271的标识是 0	 0	 0	 0	 2	 1	 0	 1	 0	 0	 1	 0	 已等待时间x是 0	 0	 0	 0	 0	 0	 0	 3	 0	 0	 0	 0	 已耗费时间g为 6	 标识来源于M160	 激发的变迁	 4	 它不是终止标识 NO 它不是重复标识
m272的标识是 0	 0	 0	 1	 2	 0	 0	 0	 0	 1	 0	 1	 已等待时间x是 0	 0	 0	 1	 0	 0	 0	 0	 0	 0	 0	 0	 已耗费时间g为 5	 标识来源于M160	 激发的变迁	 8	 它不是终止标识 NO 它不是重复标识
m273的标识是 0	 0	 0	 1	 2	 0	 0	 0	 0	 1	 0	 1	 已等待时间x是 0	 0	 0	 0	 0	 0	 0	 0	 0	 0	 0	 0	 已耗费时间g为 5	 标识来源于M161	 激发的变迁	 2	 它不是终止标识 NO 它不是重复标识
m274的标识是 0	 1	 0	 0	 1	 0	 1	 0	 0	 1	 1	 0	 已等待时间x是 0	 0	 0	 0	 0	 0	 0	 0	 0	 0	 0	 0	 已耗费时间g为 5	 标识来源于M161	 激发的变迁	 5	 它不是终止标识 NO 它不是重复标识
m277的标识是 0	 0	 0	 0	 1	 2	 1	 0	 0	 0	 1	 0	 已等待时间x是 0	 0	 0	 0	 0	 0	 1	 0	 0	 0	 0	 0	 已耗费时间g为 6	 标识来源于M165	 激发的变迁	 3	 它不是终止标识 NO 它不是重复标识
m278的标识是 0	 0	 1	 0	 0	 2	 0	 0	 1	 0	 0	 1	 已等待时间x是 0	 0	 3	 0	 0	 0	 0	 0	 0	 0	 0	 0	 已耗费时间g为 8	 标识来源于M165	 激发的变迁	 7	 它不是终止标识 NO 它不是重复标识
m279的标识是 0	 0	 0	 0	 2	 1	 0	 1	 0	 0	 1	 0	 已等待时间x是 0	 0	 0	 0	 0	 0	 0	 1	 0	 0	 0	 0	 已耗费时间g为 6	 标识来源于M166	 激发的变迁	 3	 它不是终止标识 NO 它不是重复标识
m280的标识是 0	 0	 1	 0	 1	 1	 0	 0	 0	 1	 0	 1	 已等待时间x是 0	 0	 2	 0	 0	 0	 0	 0	 0	 0	 0	 0	 已耗费时间g为 7	 标识来源于M166	 激发的变迁	 8	 它不是终止标识 NO 它不是重复标识
m281的标识是 0	 0	 1	 0	 0	 2	 0	 0	 1	 0	 0	 1	 已等待时间x是 0	 0	 0	 0	 0	 0	 0	 0	 0	 0	 0	 0	 已耗费时间g为 8	 标识来源于M168	 激发的变迁	 1	 它不是终止标识 NO 它不是重复标识
m282的标识是 1	 0	 0	 0	 0	 1	 0	 1	 1	 0	 1	 0	 已等待时间x是 0	 0	 0	 0	 0	 0	 0	 0	 0	 0	 0	 0	 已耗费时间g为 8	 标识来源于M168	 激发的变迁	 6	 它不是终止标识 NO 它不是重复标识
m283的标识是 0	 0	 1	 0	 1	 1	 0	 0	 0	 1	 0	 1	 已等待时间x是 0	 0	 0	 0	 0	 0	 0	 0	 0	 0	 0	 0	 已耗费时间g为 7	 标识来源于M170	 激发的变迁	 1	 它不是终止标识 NO 它不是重复标识
m284的标识是 1	 0	 0	 0	 0	 1	 1	 0	 0	 1	 1	 0	 已等待时间x是 0	 0	 0	 0	 0	 0	 0	 0	 0	 0	 0	 0	 已耗费时间g为 7	 标识来源于M170	 激发的变迁	 5	 它不是终止标识 NO 它不是重复标识
m285的标识是 1	 0	 0	 0	 1	 0	 0	 1	 0	 1	 1	 0	 已等待时间x是 0	 0	 0	 0	 0	 0	 0	 0	 0	 0	 0	 0	 已耗费时间g为 7	 标识来源于M170	 激发的变迁	 6	 它不是终止标识 NO 它不是重复标识
m287的标识是 0	 0	 1	 0	 0	 2	 0	 0	 1	 0	 0	 1	 已等待时间x是 0	 0	 1	 0	 0	 0	 0	 0	 0	 0	 0	 0	 已耗费时间g为 6	 标识来源于M171	 激发的变迁	 7	 它不是终止标识 NO 它不是重复标识
m288的标识是 0	 0	 1	 0	 0	 2	 0	 0	 1	 0	 0	 1	 已等待时间x是 0	 0	 0	 0	 0	 0	 0	 0	 0	 0	 0	 0	 已耗费时间g为 6	 标识来源于M172	 激发的变迁	 1	 它不是终止标识 NO 它不是重复标识
m289的标识是 1	 0	 0	 0	 0	 1	 0	 1	 1	 0	 1	 0	 已等待时间x是 0	 0	 0	 0	 0	 0	 0	 0	 0	 0	 0	 0	 已耗费时间g为 6	 标识来源于M172	 激发的变迁	 6	 它不是终止标识 NO 它不是重复标识
m291的标识是 1	 0	 0	 1	 0	 0	 0	 0	 1	 1	 0	 1	 已等待时间x是 0	 0	 0	 5	 0	 0	 0	 0	 0	 0	 0	 0	 已耗费时间g为 8	 标识来源于M174	 激发的变迁	 8	 它不是终止标识 NO 它不是重复标识
m293的标识是 0	 0	 1	 0	 1	 1	 0	 0	 0	 1	 0	 1	 已等待时间x是 0	 0	 0	 0	 0	 0	 0	 0	 0	 0	 0	 0	 已耗费时间g为 5	 标识来源于M175	 激发的变迁	 8	 它不是终止标识 NO 它不是重复标识
m295的标识是 1	 0	 0	 0	 0	 1	 1	 0	 0	 1	 1	 0	 已等待时间x是 0	 0	 0	 0	 0	 0	 0	 0	 0	 0	 0	 0	 已耗费时间g为 5	 标识来源于M176	 激发的变迁	 5	 它不是终止标识 NO 它不是重复标识
m296的标识是 1	 0	 0	 0	 1	 0	 0	 1	 0	 1	 1	 0	 已等待时间x是 0	 0	 0	 0	 0	 0	 0	 0	 0	 0	 0	 0	 已耗费时间g为 5	 标识来源于M176	 激发的变迁	 6	 它不是终止标识 NO 它不是重复标识
m299的标识是 0	 1	 0	 0	 1	 0	 0	 1	 1	 0	 1	 0	 已等待时间x是 0	 0	 0	 0	 0	 0	 0	 1	 0	 0	 0	 0	 已耗费时间g为 7	 标识来源于M180	 激发的变迁	 3	 它不是终止标识 NO 它不是重复标识
m300的标识是 0	 1	 1	 0	 0	 0	 0	 0	 1	 1	 0	 1	 已等待时间x是 0	 0	 2	 0	 0	 0	 0	 0	 0	 0	 0	 0	 已耗费时间g为 8	 标识来源于M180	 激发的变迁	 8	 它不是终止标识 NO 它不是重复标识
m301的标识是 1	 0	 0	 0	 0	 1	 0	 1	 1	 0	 1	 0	 已等待时间x是 0	 0	 0	 0	 0	 0	 0	 2	 0	 0	 0	 0	 已耗费时间g为 8	 标识来源于M182	 激发的变迁	 4	 它不是终止标识 NO 它不是重复标识
m302的标识是 1	 0	 0	 1	 0	 0	 0	 0	 1	 1	 0	 1	 已等待时间x是 0	 0	 0	 2	 0	 0	 0	 0	 0	 0	 0	 0	 已耗费时间g为 8	 标识来源于M182	 激发的变迁	 8	 它不是终止标识 NO 它不是重复标识
m303的标识是 0	 1	 1	 0	 0	 0	 0	 0	 1	 1	 0	 1	 已等待时间x是 0	 0	 0	 0	 0	 0	 0	 0	 0	 0	 0	 0	 已耗费时间g为 8	 标识来源于M185	 激发的变迁	 1	 它不是终止标识 NO 它不是重复标识
m304的标识是 1	 0	 0	 1	 0	 0	 0	 0	 1	 1	 0	 1	 已等待时间x是 0	 0	 0	 0	 0	 0	 0	 0	 0	 0	 0	 0	 已耗费时间g为 8	 标识来源于M185	 激发的变迁	 2	 它不是终止标识 NO 它不是重复标识
m305的标识是 0	 1	 0	 0	 1	 0	 1	 0	 0	 1	 1	 0	 已等待时间x是 0	 0	 0	 0	 0	 0	 1	 0	 0	 0	 0	 0	 已耗费时间g为 6	 标识来源于M187	 激发的变迁	 3	 它不是终止标识 NO 它不是重复标识
m306的标识是 0	 1	 1	 0	 0	 0	 0	 0	 1	 1	 0	 1	 已等待时间x是 0	 0	 3	 0	 0	 0	 0	 0	 0	 0	 0	 0	 已耗费时间g为 8	 标识来源于M187	 激发的变迁	 7	 它不是终止标识 NO 它不是重复标识
m307的标识是 1	 0	 0	 0	 0	 1	 1	 0	 0	 1	 1	 0	 已等待时间x是 0	 0	 0	 0	 0	 0	 2	 0	 0	 0	 0	 0	 已耗费时间g为 7	 标识来源于M189	 激发的变迁	 4	 它不是终止标识 NO 它不是重复标识
m308的标识是 1	 0	 0	 1	 0	 0	 0	 0	 1	 1	 0	 1	 已等待时间x是 0	 0	 0	 3	 0	 0	 0	 0	 0	 0	 0	 0	 已耗费时间g为 8	 标识来源于M189	 激发的变迁	 7	 它不是终止标识 NO 它不是重复标识
m310的标识是 0	 1	 1	 0	 0	 0	 0	 0	 1	 1	 0	 1	 已等待时间x是 0	 0	 3	 0	 0	 0	 0	 0	 0	 0	 0	 0	 已耗费时间g为 6	 标识来源于M194	 激发的变迁	 8	 它不是终止标识 NO 它不是重复标识
m312的标识是 0	 0	 1	 0	 0	 2	 0	 0	 1	 0	 0	 1	 已等待时间x是 0	 0	 0	 0	 0	 0	 0	 0	 0	 0	 0	 0	 已耗费时间g为 5	 标识来源于M195	 激发的变迁	 7	 它不是终止标识 NO 它不是重复标识
m314的标识是 1	 0	 0	 0	 0	 1	 0	 1	 1	 0	 1	 0	 已等待时间x是 0	 0	 0	 0	 0	 0	 0	 0	 0	 0	 0	 0	 已耗费时间g为 5	 标识来源于M196	 激发的变迁	 6	 它不是终止标识 NO 它不是重复标识
m315的标识是 1	 0	 0	 0	 0	 1	 0	 1	 1	 0	 1	 0	 已等待时间x是 0	 0	 0	 0	 0	 0	 0	 1	 0	 0	 0	 0	 已耗费时间g为 5	 标识来源于M198	 激发的变迁	 4	 它不是终止标识 NO 它不是重复标识
m316的标识是 1	 0	 0	 1	 0	 0	 0	 0	 1	 1	 0	 1	 已等待时间x是 0	 0	 0	 3	 0	 0	 0	 0	 0	 0	 0	 0	 已耗费时间g为 6	 标识来源于M198	 激发的变迁	 8	 它不是终止标识 NO 它不是重复标识
m317的标识是 0	 1	 0	 0	 1	 0	 0	 1	 1	 0	 1	 0	 已等待时间x是 0	 0	 0	 0	 0	 0	 0	 1	 0	 0	 0	 0	 已耗费时间g为 5	 标识来源于M200	 激发的变迁	 3	 它不是终止标识 NO 它不是重复标识
m318的标识是 0	 1	 1	 0	 0	 0	 0	 0	 1	 1	 0	 1	 已等待时间x是 0	 0	 2	 0	 0	 0	 0	 0	 0	 0	 0	 0	 已耗费时间g为 6	 标识来源于M200	 激发的变迁	 8	 它不是终止标识 NO 它不是重复标识
m319的标识是 1	 0	 0	 0	 0	 1	 0	 1	 1	 0	 1	 0	 已等待时间x是 0	 0	 0	 0	 0	 0	 0	 2	 0	 0	 0	 0	 已耗费时间g为 6	 标识来源于M202	 激发的变迁	 4	 它不是终止标识 NO 它不是重复标识
m320的标识是 1	 0	 0	 1	 0	 0	 0	 0	 1	 1	 0	 1	 已等待时间x是 0	 0	 0	 2	 0	 0	 0	 0	 0	 0	 0	 0	 已耗费时间g为 6	 标识来源于M202	 激发的变迁	 8	 它不是终止标识 NO 它不是重复标识
m321的标识是 0	 1	 1	 0	 0	 0	 0	 0	 1	 1	 0	 1	 已等待时间x是 0	 0	 0	 0	 0	 0	 0	 0	 0	 0	 0	 0	 已耗费时间g为 6	 标识来源于M205	 激发的变迁	 1	 它不是终止标识 NO 它不是重复标识
m322的标识是 1	 0	 0	 1	 0	 0	 0	 0	 1	 1	 0	 1	 已等待时间x是 0	 0	 0	 0	 0	 0	 0	 0	 0	 0	 0	 0	 已耗费时间g为 6	 标识来源于M205	 激发的变迁	 2	 它不是终止标识 NO 它不是重复标识
m323的标识是 0	 0	 0	 0	 2	 1	 0	 1	 0	 0	 1	 0	 已等待时间x是 0	 0	 0	 0	 0	 0	 0	 4	 0	 0	 0	 0	 已耗费时间g为 6	 标识来源于M206	 激发的变迁	 4	 它不是终止标识 NO 它不是重复标识
m324的标识是 0	 0	 0	 1	 2	 0	 0	 0	 0	 1	 0	 1	 已等待时间x是 0	 0	 0	 0	 0	 0	 0	 0	 0	 0	 0	 0	 已耗费时间g为 4	 标识来源于M206	 激发的变迁	 8	 它不是终止标识 NO 它不是重复标识
m326的标识是 0	 1	 0	 0	 1	 0	 1	 0	 0	 1	 1	 0	 已等待时间x是 0	 0	 0	 0	 0	 0	 0	 0	 0	 0	 0	 0	 已耗费时间g为 4	 标识来源于M207	 激发的变迁	 5	 它不是终止标识 NO 它不是重复标识
m328的标识是 0	 1	 1	 0	 0	 0	 0	 0	 1	 1	 0	 1	 已等待时间x是 0	 0	 4	 0	 0	 0	 0	 0	 0	 0	 0	 0	 已耗费时间g为 7	 标识来源于M209	 激发的变迁	 7	 它不是终止标识 NO 它不是重复标识
m331的标识是 1	 0	 0	 0	 0	 1	 1	 0	 0	 1	 1	 0	 已等待时间x是 0	 0	 0	 0	 0	 0	 1	 0	 0	 0	 0	 0	 已耗费时间g为 5	 标识来源于M213	 激发的变迁	 4	 它不是终止标识 NO 它不是重复标识
m332的标识是 1	 0	 0	 1	 0	 0	 0	 0	 1	 1	 0	 1	 已等待时间x是 0	 0	 0	 4	 0	 0	 0	 0	 0	 0	 0	 0	 已耗费时间g为 7	 标识来源于M213	 激发的变迁	 7	 它不是终止标识 NO 它不是重复标识
m333的标识是 0	 1	 0	 0	 1	 0	 1	 0	 0	 1	 1	 0	 已等待时间x是 0	 0	 0	 0	 0	 0	 1	 0	 0	 0	 0	 0	 已耗费时间g为 5	 标识来源于M215	 激发的变迁	 3	 它不是终止标识 NO 它不是重复标识
m334的标识是 0	 1	 1	 0	 0	 0	 0	 0	 1	 1	 0	 1	 已等待时间x是 0	 0	 3	 0	 0	 0	 0	 0	 0	 0	 0	 0	 已耗费时间g为 7	 标识来源于M215	 激发的变迁	 7	 它不是终止标识 NO 它不是重复标识
m335的标识是 0	 0	 1	 0	 1	 1	 0	 0	 0	 1	 0	 1	 已等待时间x是 0	 0	 0	 0	 0	 0	 0	 0	 0	 0	 0	 0	 已耗费时间g为 6	 标识来源于M216	 激发的变迁	 1	 它不是终止标识 NO 它不是重复标识
m336的标识是 1	 0	 0	 0	 0	 1	 1	 0	 0	 1	 1	 0	 已等待时间x是 0	 0	 0	 0	 0	 0	 0	 0	 0	 0	 0	 0	 已耗费时间g为 6	 标识来源于M216	 激发的变迁	 5	 它不是终止标识 NO 它不是重复标识
m337的标识是 1	 0	 0	 0	 1	 0	 0	 1	 0	 1	 1	 0	 已等待时间x是 0	 0	 0	 0	 0	 0	 0	 0	 0	 0	 0	 0	 已耗费时间g为 6	 标识来源于M216	 激发的变迁	 6	 它不是终止标识 NO 它不是重复标识
m338的标识是 1	 0	 0	 0	 0	 1	 1	 0	 0	 1	 1	 0	 已等待时间x是 0	 0	 0	 0	 0	 0	 2	 0	 0	 0	 0	 0	 已耗费时间g为 6	 标识来源于M217	 激发的变迁	 4	 它不是终止标识 NO 它不是重复标识
m339的标识是 1	 0	 0	 1	 0	 0	 0	 0	 1	 1	 0	 1	 已等待时间x是 0	 0	 0	 3	 0	 0	 0	 0	 0	 0	 0	 0	 已耗费时间g为 7	 标识来源于M217	 激发的变迁	 7	 它不是终止标识 NO 它不是重复标识
m340的标识是 0	 1	 1	 0	 0	 0	 0	 0	 1	 1	 0	 1	 已等待时间x是 0	 0	 0	 0	 0	 0	 0	 0	 0	 0	 0	 0	 已耗费时间g为 7	 标识来源于M220	 激发的变迁	 1	 它不是终止标识 NO 它不是重复标识
m341的标识是 1	 0	 0	 1	 0	 0	 0	 0	 1	 1	 0	 1	 已等待时间x是 0	 0	 0	 0	 0	 0	 0	 0	 0	 0	 0	 0	 已耗费时间g为 7	 标识来源于M220	 激发的变迁	 2	 它不是终止标识 NO 它不是重复标识
m343的标识是 0	 0	 1	 0	 1	 1	 0	 0	 0	 1	 0	 1	 已等待时间x是 0	 0	 1	 0	 0	 0	 0	 0	 0	 0	 0	 0	 已耗费时间g为 6	 标识来源于M221	 激发的变迁	 8	 它不是终止标识 NO 它不是重复标识
m345的标识是 1	 0	 1	 0	 0	 0	 0	 0	 0	 2	 0	 1	 已等待时间x是 0	 0	 4	 0	 0	 0	 0	 0	 0	 0	 0	 0	 已耗费时间g为 8	 标识来源于M224	 激发的变迁	 8	 它不是终止标识 NO 它不是重复标识
m346的标识是 1	 0	 0	 0	 1	 0	 0	 1	 0	 1	 1	 0	 已等待时间x是 0	 0	 0	 0	 0	 0	 0	 1	 0	 0	 0	 0	 已耗费时间g为 7	 标识来源于M226	 激发的变迁	 3	 它不是终止标识 NO 它不是重复标识
m347的标识是 1	 0	 1	 0	 0	 0	 0	 0	 0	 2	 0	 1	 已等待时间x是 0	 0	 2	 0	 0	 0	 0	 0	 0	 0	 0	 0	 已耗费时间g为 8	 标识来源于M226	 激发的变迁	 8	 它不是终止标识 NO 它不是重复标识
m348的标识是 1	 0	 1	 0	 0	 0	 0	 0	 0	 2	 0	 1	 已等待时间x是 0	 0	 0	 0	 0	 0	 0	 0	 0	 0	 0	 0	 已耗费时间g为 8	 标识来源于M228	 激发的变迁	 1	 它不是终止标识 NO 它不是重复标识
m349的标识是 1	 0	 0	 0	 1	 0	 0	 1	 0	 1	 1	 0	 已等待时间x是 0	 0	 0	 0	 0	 0	 0	 1	 0	 0	 0	 0	 已耗费时间g为 5	 标识来源于M230	 激发的变迁	 3	 它不是终止标识 NO 它不是重复标识
m350的标识是 1	 0	 1	 0	 0	 0	 0	 0	 0	 2	 0	 1	 已等待时间x是 0	 0	 2	 0	 0	 0	 0	 0	 0	 0	 0	 0	 已耗费时间g为 6	 标识来源于M230	 激发的变迁	 8	 它不是终止标识 NO 它不是重复标识
m351的标识是 1	 0	 1	 0	 0	 0	 0	 0	 0	 2	 0	 1	 已等待时间x是 0	 0	 0	 0	 0	 0	 0	 0	 0	 0	 0	 0	 已耗费时间g为 6	 标识来源于M232	 激发的变迁	 1	 它不是终止标识 NO 它不是重复标识
m352的标识是 0	 0	 0	 0	 1	 2	 0	 0	 1	 0	 1	 1	 已等待时间x是 0	 0	 0	 0	 0	 0	 0	 0	 0	 0	 0	 0	 已耗费时间g为 9	 标识来源于M233	 激发的变迁	 7	 它不是终止标识 NO 它不是重复标识
m353的标识是 0	 0	 0	 0	 2	 1	 0	 0	 0	 1	 1	 1	 已等待时间x是 0	 0	 0	 0	 0	 0	 0	 0	 0	 0	 0	 0	 已耗费时间g为 8	 标识来源于M234	 激发的变迁	 8	 它不是终止标识 NO 它不是重复标识
m354的标识是 0	 0	 0	 0	 1	 2	 0	 0	 1	 0	 1	 1	 已等待时间x是 0	 0	 0	 0	 0	 0	 0	 0	 0	 0	 0	 0	 已耗费时间g为 7	 标识来源于M235	 激发的变迁	 7	 它不是终止标识 NO 它不是重复标识
m356的标识是 0	 0	 0	 1	 0	 1	 1	 0	 1	 0	 0	 0	 已等待时间x是 0	 0	 0	 3	 0	 0	 0	 0	 0	 0	 0	 0	 已耗费时间g为 7	 标识来源于M236	 激发的变迁	 5	 它不是终止标识 NO 它不是重复标识
m357的标识是 0	 0	 0	 1	 1	 0	 0	 1	 1	 0	 0	 0	 已等待时间x是 0	 0	 0	 3	 0	 0	 0	 0	 0	 0	 0	 0	 已耗费时间g为 7	 标识来源于M236	 激发的变迁	 6	 它不是终止标识 NO 它不是重复标识
m358的标识是 0	 0	 0	 0	 2	 1	 0	 0	 0	 1	 1	 1	 已等待时间x是 0	 0	 0	 0	 0	 0	 0	 0	 0	 0	 0	 0	 已耗费时间g为 6	 标识来源于M237	 激发的变迁	 8	 它不是终止标识 NO 它不是重复标识
m360的标识是 0	 0	 0	 1	 1	 0	 1	 0	 0	 1	 0	 0	 已等待时间x是 0	 0	 0	 2	 0	 0	 0	 0	 0	 0	 0	 0	 已耗费时间g为 6	 标识来源于M238	 激发的变迁	 5	 它不是终止标识 NO 它不是重复标识
m362的标识是 0	 0	 0	 1	 0	 1	 1	 0	 1	 0	 0	 0	 已等待时间x是 0	 0	 0	 0	 0	 0	 0	 0	 0	 0	 0	 0	 已耗费时间g为 7	 标识来源于M239	 激发的变迁	 5	 它不是终止标识 NO 它不是重复标识
m363的标识是 0	 0	 0	 1	 1	 0	 0	 1	 1	 0	 0	 0	 已等待时间x是 0	 0	 0	 0	 0	 0	 0	 0	 0	 0	 0	 0	 已耗费时间g为 7	 标识来源于M239	 激发的变迁	 6	 它不是终止标识 NO 它不是重复标识
m365的标识是 0	 1	 0	 0	 0	 1	 0	 0	 2	 0	 1	 1	 已等待时间x是 0	 0	 0	 0	 0	 0	 0	 0	 0	 0	 0	 0	 已耗费时间g为10	 标识来源于M240	 激发的变迁	 7	 它不是终止标识 NO 它不是重复标识
m367的标识是 0	 1	 0	 0	 1	 0	 0	 0	 1	 1	 1	 1	 已等待时间x是 0	 0	 0	 0	 0	 0	 0	 0	 0	 0	 0	 0	 已耗费时间g为 9	 标识来源于M241	 激发的变迁	 8	 它不是终止标识 NO 它不是重复标识
m369的标识是 0	 0	 0	 1	 1	 0	 1	 0	 0	 1	 0	 0	 已等待时间x是 0	 0	 0	 0	 0	 0	 0	 0	 0	 0	 0	 0	 已耗费时间g为 6	 标识来源于M242	 激发的变迁	 5	 它不是终止标识 NO 它不是重复标识
m372的标识是 0	 0	 0	 0	 1	 2	 0	 0	 1	 0	 1	 1	 已等待时间x是 0	 0	 0	 0	 0	 0	 0	 0	 0	 0	 0	 0	 已耗费时间g为 6	 标识来源于M244	 激发的变迁	 7	 它不是终止标识 NO 它不是重复标识
m374的标识是 0	 0	 0	 1	 0	 1	 1	 0	 1	 0	 0	 0	 已等待时间x是 0	 0	 0	 1	 0	 0	 0	 0	 0	 0	 0	 0	 已耗费时间g为 5	 标识来源于M245	 激发的变迁	 5	 它不是终止标识 NO 它不是重复标识
m375的标识是 0	 0	 0	 1	 1	 0	 0	 1	 1	 0	 0	 0	 已等待时间x是 0	 0	 0	 1	 0	 0	 0	 0	 0	 0	 0	 0	 已耗费时间g为 5	 标识来源于M245	 激发的变迁	 6	 它不是终止标识 NO 它不是重复标识
m377的标识是 0	 0	 0	 1	 0	 1	 1	 0	 1	 0	 0	 0	 已等待时间x是 0	 0	 0	 0	 0	 0	 0	 0	 0	 0	 0	 0	 已耗费时间g为 5	 标识来源于M246	 激发的变迁	 5	 它不是终止标识 NO 它不是重复标识
m378的标识是 0	 0	 0	 1	 1	 0	 0	 1	 1	 0	 0	 0	 已等待时间x是 0	 0	 0	 0	 0	 0	 0	 0	 0	 0	 0	 0	 已耗费时间g为 5	 标识来源于M246	 激发的变迁	 6	 它不是终止标识 NO 它不是重复标识
m380的标识是 0	 1	 0	 0	 0	 1	 0	 0	 2	 0	 1	 1	 已等待时间x是 0	 0	 0	 0	 0	 0	 0	 0	 0	 0	 0	 0	 已耗费时间g为 8	 标识来源于M247	 激发的变迁	 7	 它不是终止标识 NO 它不是重复标识
m382的标识是 0	 1	 0	 0	 1	 0	 0	 0	 1	 1	 1	 1	 已等待时间x是 0	 0	 0	 0	 0	 0	 0	 0	 0	 0	 0	 0	 已耗费时间g为 7	 标识来源于M248	 激发的变迁	 8	 它不是终止标识 NO 它不是重复标识
m384的标识是 0	 0	 0	 1	 0	 1	 1	 0	 1	 0	 0	 0	 已等待时间x是 0	 0	 0	 0	 0	 0	 2	 0	 0	 0	 0	 0	 已耗费时间g为 7	 标识来源于M251	 激发的变迁	 2	 它不是终止标识 NO 它不是重复标识
m390的标识是 0	 0	 0	 1	 0	 1	 1	 0	 1	 0	 0	 0	 已等待时间x是 0	 0	 0	 0	 0	 0	 0	 0	 0	 0	 0	 0	 已耗费时间g为 4	 标识来源于M255	 激发的变迁	 5	 它不是终止标识 NO 它不是重复标识
m391的标识是 0	 0	 0	 1	 1	 0	 0	 1	 1	 0	 0	 0	 已等待时间x是 0	 0	 0	 0	 0	 0	 0	 0	 0	 0	 0	 0	 已耗费时间g为 4	 标识来源于M255	 激发的变迁	 6	 它不是终止标识 NO 它不是重复标识
m393的标识是 0	 1	 0	 0	 0	 1	 0	 0	 2	 0	 1	 1	 已等待时间x是 0	 0	 0	 0	 0	 0	 0	 0	 0	 0	 0	 0	 已耗费时间g为 7	 标识来源于M257	 激发的变迁	 7	 它不是终止标识 NO 它不是重复标识
m395的标识是 0	 1	 0	 0	 1	 0	 0	 0	 1	 1	 1	 1	 已等待时间x是 0	 0	 0	 0	 0	 0	 0	 0	 0	 0	 0	 0	 已耗费时间g为 6	 标识来源于M258	 激发的变迁	 8	 它不是终止标识 NO 它不是重复标识
m397的标识是 0	 0	 0	 0	 1	 2	 0	 0	 1	 0	 1	 1	 已等待时间x是 0	 0	 0	 0	 0	 0	 0	 0	 0	 0	 0	 0	 已耗费时间g为 8	 标识来源于M261	 激发的变迁	 4	 它不是终止标识 NO 它不是重复标识
m398的标识是 0	 0	 0	 1	 0	 1	 1	 0	 1	 0	 0	 0	 已等待时间x是 0	 0	 0	 0	 0	 0	 0	 0	 0	 0	 0	 0	 已耗费时间g为 6	 标识来源于M261	 激发的变迁	 5	 它不是终止标识 NO 它不是重复标识
m399的标识是 0	 0	 0	 1	 1	 0	 0	 1	 1	 0	 0	 0	 已等待时间x是 0	 0	 0	 0	 0	 0	 0	 0	 0	 0	 0	 0	 已耗费时间g为 6	 标识来源于M261	 激发的变迁	 6	 它不是终止标识 NO 它不是重复标识
m401的标识是 0	 1	 0	 0	 0	 1	 0	 0	 2	 0	 1	 1	 已等待时间x是 0	 0	 0	 0	 0	 0	 0	 0	 0	 0	 0	 0	 已耗费时间g为 9	 标识来源于M262	 激发的变迁	 7	 它不是终止标识 NO 它不是重复标识
m403的标识是 0	 1	 0	 0	 1	 0	 0	 0	 1	 1	 1	 1	 已等待时间x是 0	 0	 0	 0	 0	 0	 0	 0	 0	 0	 0	 0	 已耗费时间g为 8	 标识来源于M263	 激发的变迁	 8	 它不是终止标识 NO 它不是重复标识
m404的标识是 0	 0	 0	 1	 0	 1	 1	 0	 1	 0	 0	 0	 已等待时间x是 0	 0	 0	 0	 0	 0	 2	 0	 0	 0	 0	 0	 已耗费时间g为 6	 标识来源于M264	 激发的变迁	 2	 它不是终止标识 NO 它不是重复标识
m410的标识是 0	 0	 0	 1	 0	 1	 1	 0	 1	 0	 0	 0	 已等待时间x是 0	 0	 0	 2	 0	 0	 0	 0	 0	 0	 0	 0	 已耗费时间g为 6	 标识来源于M268	 激发的变迁	 5	 它不是终止标识 NO 它不是重复标识
m411的标识是 0	 0	 0	 1	 1	 0	 0	 1	 1	 0	 0	 0	 已等待时间x是 0	 0	 0	 2	 0	 0	 0	 0	 0	 0	 0	 0	 已耗费时间g为 6	 标识来源于M268	 激发的变迁	 6	 它不是终止标识 NO 它不是重复标识
m415的标识是 0	 0	 0	 1	 1	 0	 1	 0	 0	 1	 0	 0	 已等待时间x是 0	 0	 0	 1	 0	 0	 0	 0	 0	 0	 0	 0	 已耗费时间g为 5	 标识来源于M272	 激发的变迁	 5	 它不是终止标识 NO 它不是重复标识
m416的标识是 0	 0	 0	 0	 2	 1	 0	 0	 0	 1	 1	 1	 已等待时间x是 0	 0	 0	 0	 0	 0	 0	 0	 0	 0	 0	 0	 已耗费时间g为 7	 标识来源于M273	 激发的变迁	 4	 它不是终止标识 NO 它不是重复标识
m417的标识是 0	 0	 0	 1	 1	 0	 1	 0	 0	 1	 0	 0	 已等待时间x是 0	 0	 0	 0	 0	 0	 0	 0	 0	 0	 0	 0	 已耗费时间g为 5	 标识来源于M273	 激发的变迁	 5	 它不是终止标识 NO 它不是重复标识
m422的标识是 0	 0	 1	 0	 0	 1	 0	 1	 1	 0	 0	 0	 已等待时间x是 0	 0	 3	 0	 0	 0	 0	 0	 0	 0	 0	 0	 已耗费时间g为 8	 标识来源于M278	 激发的变迁	 6	 它不是终止标识 NO 它不是重复标识
m425的标识是 0	 0	 1	 0	 0	 1	 1	 0	 0	 1	 0	 0	 已等待时间x是 0	 0	 2	 0	 0	 0	 0	 0	 0	 0	 0	 0	 已耗费时间g为 7	 标识来源于M280	 激发的变迁	 5	 它不是终止标识 NO 它不是重复标识
m426的标识是 0	 0	 1	 0	 1	 0	 0	 1	 0	 1	 0	 0	 已等待时间x是 0	 0	 2	 0	 0	 0	 0	 0	 0	 0	 0	 0	 已耗费时间g为 7	 标识来源于M280	 激发的变迁	 6	 它不是终止标识 NO 它不是重复标识
m428的标识是 0	 0	 1	 0	 0	 1	 0	 1	 1	 0	 0	 0	 已等待时间x是 0	 0	 0	 0	 0	 0	 0	 0	 0	 0	 0	 0	 已耗费时间g为 8	 标识来源于M281	 激发的变迁	 6	 它不是终止标识 NO 它不是重复标识
m430的标识是 1	 0	 0	 0	 0	 1	 0	 0	 1	 1	 1	 1	 已等待时间x是 0	 0	 0	 0	 0	 0	 0	 0	 0	 0	 0	 0	 已耗费时间g为10	 标识来源于M282	 激发的变迁	 8	 它不是终止标识 NO 它不是重复标识
m432的标识是 0	 0	 1	 0	 0	 1	 1	 0	 0	 1	 0	 0	 已等待时间x是 0	 0	 0	 0	 0	 0	 0	 0	 0	 0	 0	 0	 已耗费时间g为 7	 标识来源于M283	 激发的变迁	 5	 它不是终止标识 NO 它不是重复标识
m433的标识是 0	 0	 1	 0	 1	 0	 0	 1	 0	 1	 0	 0	 已等待时间x是 0	 0	 0	 0	 0	 0	 0	 0	 0	 0	 0	 0	 已耗费时间g为 7	 标识来源于M283	 激发的变迁	 6	 它不是终止标识 NO 它不是重复标识
m437的标识是 1	 0	 0	 0	 1	 0	 0	 0	 0	 2	 1	 1	 已等待时间x是 0	 0	 0	 0	 0	 0	 0	 0	 0	 0	 0	 0	 已耗费时间g为 9	 标识来源于M285	 激发的变迁	 8	 它不是终止标识 NO 它不是重复标识
m439的标识是 0	 0	 1	 0	 0	 1	 0	 1	 1	 0	 0	 0	 已等待时间x是 0	 0	 1	 0	 0	 0	 0	 0	 0	 0	 0	 0	 已耗费时间g为 6	 标识来源于M287	 激发的变迁	 6	 它不是终止标识 NO 它不是重复标识
m441的标识是 0	 0	 1	 0	 0	 1	 0	 1	 1	 0	 0	 0	 已等待时间x是 0	 0	 0	 0	 0	 0	 0	 0	 0	 0	 0	 0	 已耗费时间g为 6	 标识来源于M288	 激发的变迁	 6	 它不是终止标识 NO 它不是重复标识
m443的标识是 1	 0	 0	 0	 0	 1	 0	 0	 1	 1	 1	 1	 已等待时间x是 0	 0	 0	 0	 0	 0	 0	 0	 0	 0	 0	 0	 已耗费时间g为 8	 标识来源于M289	 激发的变迁	 8	 它不是终止标识 NO 它不是重复标识
m446的标识是 0	 0	 1	 0	 0	 1	 1	 0	 0	 1	 0	 0	 已等待时间x是 0	 0	 0	 0	 0	 0	 0	 0	 0	 0	 0	 0	 已耗费时间g为 5	 标识来源于M293	 激发的变迁	 5	 它不是终止标识 NO 它不是重复标识
m447的标识是 0	 0	 1	 0	 1	 0	 0	 1	 0	 1	 0	 0	 已等待时间x是 0	 0	 0	 0	 0	 0	 0	 0	 0	 0	 0	 0	 已耗费时间g为 5	 标识来源于M293	 激发的变迁	 6	 它不是终止标识 NO 它不是重复标识
m451的标识是 1	 0	 0	 0	 1	 0	 0	 0	 0	 2	 1	 1	 已等待时间x是 0	 0	 0	 0	 0	 0	 0	 0	 0	 0	 0	 0	 已耗费时间g为 7	 标识来源于M296	 激发的变迁	 8	 它不是终止标识 NO 它不是重复标识
m452的标识是 0	 0	 0	 1	 1	 0	 0	 1	 1	 0	 0	 0	 已等待时间x是 0	 0	 0	 0	 0	 0	 0	 1	 0	 0	 0	 0	 已耗费时间g为 7	 标识来源于M299	 激发的变迁	 2	 它不是终止标识 NO 它不是重复标识
m455的标识是 0	 0	 1	 0	 0	 1	 0	 1	 1	 0	 0	 0	 已等待时间x是 0	 0	 0	 0	 0	 0	 0	 2	 0	 0	 0	 0	 已耗费时间g为 8	 标识来源于M301	 激发的变迁	 1	 它不是终止标识 NO 它不是重复标识
m460的标识是 0	 0	 0	 1	 1	 0	 1	 0	 0	 1	 0	 0	 已等待时间x是 0	 0	 0	 0	 0	 0	 1	 0	 0	 0	 0	 0	 已耗费时间g为 6	 标识来源于M305	 激发的变迁	 2	 它不是终止标识 NO 它不是重复标识
m463的标识是 0	 0	 1	 0	 0	 1	 1	 0	 0	 1	 0	 0	 已等待时间x是 0	 0	 0	 0	 0	 0	 2	 0	 0	 0	 0	 0	 已耗费时间g为 7	 标识来源于M307	 激发的变迁	 1	 它不是终止标识 NO 它不是重复标识
m468的标识是 0	 0	 1	 0	 0	 1	 0	 1	 1	 0	 0	 0	 已等待时间x是 0	 0	 0	 0	 0	 0	 0	 0	 0	 0	 0	 0	 已耗费时间g为 5	 标识来源于M312	 激发的变迁	 6	 它不是终止标识 NO 它不是重复标识
m470的标识是 1	 0	 0	 0	 0	 1	 0	 0	 1	 1	 1	 1	 已等待时间x是 0	 0	 0	 0	 0	 0	 0	 0	 0	 0	 0	 0	 已耗费时间g为 7	 标识来源于M314	 激发的变迁	 8	 它不是终止标识 NO 它不是重复标识
m471的标识是 0	 0	 1	 0	 0	 1	 0	 1	 1	 0	 0	 0	 已等待时间x是 0	 0	 0	 0	 0	 0	 0	 1	 0	 0	 0	 0	 已耗费时间g为 5	 标识来源于M315	 激发的变迁	 1	 它不是终止标识 NO 它不是重复标识
m472的标识是 1	 0	 0	 0	 0	 1	 0	 0	 1	 1	 1	 1	 已等待时间x是 0	 0	 0	 0	 0	 0	 0	 0	 0	 0	 0	 0	 已耗费时间g为 6	 标识来源于M315	 激发的变迁	 8	 它不是终止标识 NO 它不是重复标识
m474的标识是 0	 0	 0	 1	 1	 0	 0	 1	 1	 0	 0	 0	 已等待时间x是 0	 0	 0	 0	 0	 0	 0	 1	 0	 0	 0	 0	 已耗费时间g为 5	 标识来源于M317	 激发的变迁	 2	 它不是终止标识 NO 它不是重复标识
m477的标识是 0	 0	 1	 0	 0	 1	 0	 1	 1	 0	 0	 0	 已等待时间x是 0	 0	 0	 0	 0	 0	 0	 2	 0	 0	 0	 0	 已耗费时间g为 6	 标识来源于M319	 激发的变迁	 1	 它不是终止标识 NO 它不是重复标识
m484的标识是 0	 0	 0	 1	 1	 0	 1	 0	 0	 1	 0	 0	 已等待时间x是 0	 0	 0	 0	 0	 0	 0	 0	 0	 0	 0	 0	 已耗费时间g为 4	 标识来源于M324	 激发的变迁	 5	 它不是终止标识 NO 它不是重复标识
m488的标识是 0	 0	 1	 0	 0	 1	 1	 0	 0	 1	 0	 0	 已等待时间x是 0	 0	 0	 0	 0	 0	 1	 0	 0	 0	 0	 0	 已耗费时间g为 5	 标识来源于M331	 激发的变迁	 1	 它不是终止标识 NO 它不是重复标识
m491的标识是 0	 0	 0	 1	 1	 0	 1	 0	 0	 1	 0	 0	 已等待时间x是 0	 0	 0	 0	 0	 0	 1	 0	 0	 0	 0	 0	 已耗费时间g为 5	 标识来源于M333	 激发的变迁	 2	 它不是终止标识 NO 它不是重复标识
m495的标识是 0	 0	 1	 0	 0	 1	 1	 0	 0	 1	 0	 0	 已等待时间x是 0	 0	 0	 0	 0	 0	 0	 0	 0	 0	 0	 0	 已耗费时间g为 6	 标识来源于M335	 激发的变迁	 5	 它不是终止标识 NO 它不是重复标识
m496的标识是 0	 0	 1	 0	 1	 0	 0	 1	 0	 1	 0	 0	 已等待时间x是 0	 0	 0	 0	 0	 0	 0	 0	 0	 0	 0	 0	 已耗费时间g为 6	 标识来源于M335	 激发的变迁	 6	 它不是终止标识 NO 它不是重复标识
m498的标识是 1	 0	 0	 0	 0	 1	 0	 0	 1	 1	 1	 1	 已等待时间x是 0	 0	 0	 0	 0	 0	 0	 0	 0	 0	 0	 0	 已耗费时间g为 9	 标识来源于M336	 激发的变迁	 7	 它不是终止标识 NO 它不是重复标识
m500的标识是 1	 0	 0	 0	 1	 0	 0	 0	 0	 2	 1	 1	 已等待时间x是 0	 0	 0	 0	 0	 0	 0	 0	 0	 0	 0	 0	 已耗费时间g为 8	 标识来源于M337	 激发的变迁	 8	 它不是终止标识 NO 它不是重复标识
m501的标识是 0	 0	 1	 0	 0	 1	 1	 0	 0	 1	 0	 0	 已等待时间x是 0	 0	 0	 0	 0	 0	 2	 0	 0	 0	 0	 0	 已耗费时间g为 6	 标识来源于M338	 激发的变迁	 1	 它不是终止标识 NO 它不是重复标识
m507的标识是 0	 0	 1	 0	 0	 1	 1	 0	 0	 1	 0	 0	 已等待时间x是 0	 0	 1	 0	 0	 0	 0	 0	 0	 0	 0	 0	 已耗费时间g为 6	 标识来源于M343	 激发的变迁	 5	 它不是终止标识 NO 它不是重复标识
m508的标识是 0	 0	 1	 0	 1	 0	 0	 1	 0	 1	 0	 0	 已等待时间x是 0	 0	 1	 0	 0	 0	 0	 0	 0	 0	 0	 0	 已耗费时间g为 6	 标识来源于M343	 激发的变迁	 6	 它不是终止标识 NO 它不是重复标识
m510的标识是 0	 0	 1	 0	 1	 0	 0	 1	 0	 1	 0	 0	 已等待时间x是 0	 0	 0	 0	 0	 0	 0	 1	 0	 0	 0	 0	 已耗费时间g为 7	 标识来源于M346	 激发的变迁	 1	 它不是终止标识 NO 它不是重复标识
m514的标识是 0	 0	 1	 0	 1	 0	 0	 1	 0	 1	 0	 0	 已等待时间x是 0	 0	 0	 0	 0	 0	 0	 1	 0	 0	 0	 0	 已耗费时间g为 5	 标识来源于M349	 激发的变迁	 1	 它不是终止标识 NO 它不是重复标识
m515的标识是 1	 0	 0	 0	 1	 0	 0	 0	 0	 2	 1	 1	 已等待时间x是 0	 0	 0	 0	 0	 0	 0	 0	 0	 0	 0	 0	 已耗费时间g为 6	 标识来源于M349	 激发的变迁	 8	 它不是终止标识 NO 它不是重复标识
m518的标识是 0	 0	 0	 0	 0	 2	 1	 0	 1	 0	 1	 0	 已等待时间x是 0	 0	 0	 0	 0	 0	 0	 0	 0	 0	 0	 0	 已耗费时间g为 9	 标识来源于M352	 激发的变迁	 5	 它不是终止标识 NO 它不是重复标识
m519的标识是 0	 0	 0	 0	 1	 1	 0	 1	 1	 0	 1	 0	 已等待时间x是 0	 0	 0	 0	 0	 0	 0	 0	 0	 0	 0	 0	 已耗费时间g为 9	 标识来源于M352	 激发的变迁	 6	 它不是终止标识 NO 它不是重复标识
m520的标识是 0	 0	 0	 0	 1	 1	 1	 0	 0	 1	 1	 0	 已等待时间x是 0	 0	 0	 0	 0	 0	 0	 0	 0	 0	 0	 0	 已耗费时间g为 8	 标识来源于M353	 激发的变迁	 5	 它不是终止标识 NO 它不是重复标识
m521的标识是 0	 0	 0	 0	 2	 0	 0	 1	 0	 1	 1	 0	 已等待时间x是 0	 0	 0	 0	 0	 0	 0	 0	 0	 0	 0	 0	 已耗费时间g为 8	 标识来源于M353	 激发的变迁	 6	 它不是终止标识 NO 它不是重复标识
m522的标识是 0	 0	 0	 0	 0	 2	 1	 0	 1	 0	 1	 0	 已等待时间x是 0	 0	 0	 0	 0	 0	 0	 0	 0	 0	 0	 0	 已耗费时间g为 7	 标识来源于M354	 激发的变迁	 5	 它不是终止标识 NO 它不是重复标识
m523的标识是 0	 0	 0	 0	 1	 1	 0	 1	 1	 0	 1	 0	 已等待时间x是 0	 0	 0	 0	 0	 0	 0	 0	 0	 0	 0	 0	 已耗费时间g为 7	 标识来源于M354	 激发的变迁	 6	 它不是终止标识 NO 它不是重复标识
m525的标识是 0	 0	 0	 1	 0	 1	 0	 0	 2	 0	 0	 1	 已等待时间x是 0	 0	 0	 6	 0	 0	 0	 0	 0	 0	 0	 0	 已耗费时间g为10	 标识来源于M356	 激发的变迁	 7	 它不是终止标识 NO 它不是重复标识
m527的标识是 0	 0	 0	 1	 1	 0	 0	 0	 1	 1	 0	 1	 已等待时间x是 0	 0	 0	 5	 0	 0	 0	 0	 0	 0	 0	 0	 已耗费时间g为 9	 标识来源于M357	 激发的变迁	 8	 它不是终止标识 NO 它不是重复标识
m528的标识是 0	 0	 0	 0	 1	 1	 1	 0	 0	 1	 1	 0	 已等待时间x是 0	 0	 0	 0	 0	 0	 0	 0	 0	 0	 0	 0	 已耗费时间g为 6	 标识来源于M358	 激发的变迁	 5	 它不是终止标识 NO 它不是重复标识
m529的标识是 0	 0	 0	 0	 2	 0	 0	 1	 0	 1	 1	 0	 已等待时间x是 0	 0	 0	 0	 0	 0	 0	 0	 0	 0	 0	 0	 已耗费时间g为 6	 标识来源于M358	 激发的变迁	 6	 它不是终止标识 NO 它不是重复标识
m532的标识是 0	 0	 0	 0	 0	 2	 1	 0	 1	 0	 1	 0	 已等待时间x是 0	 0	 0	 0	 0	 0	 2	 0	 0	 0	 0	 0	 已耗费时间g为 9	 标识来源于M362	 激发的变迁	 4	 它不是终止标识 NO 它不是重复标识
m533的标识是 0	 0	 0	 1	 0	 1	 0	 0	 2	 0	 0	 1	 已等待时间x是 0	 0	 0	 3	 0	 0	 0	 0	 0	 0	 0	 0	 已耗费时间g为10	 标识来源于M362	 激发的变迁	 7	 它不是终止标识 NO 它不是重复标识
m534的标识是 0	 0	 0	 0	 1	 1	 0	 1	 1	 0	 1	 0	 已等待时间x是 0	 0	 0	 0	 0	 0	 0	 2	 0	 0	 0	 0	 已耗费时间g为 9	 标识来源于M363	 激发的变迁	 4	 它不是终止标识 NO 它不是重复标识
m535的标识是 0	 0	 0	 1	 1	 0	 0	 0	 1	 1	 0	 1	 已等待时间x是 0	 0	 0	 2	 0	 0	 0	 0	 0	 0	 0	 0	 已耗费时间g为 9	 标识来源于M363	 激发的变迁	 8	 它不是终止标识 NO 它不是重复标识
m536的标识是 0	 0	 0	 1	 0	 1	 0	 0	 2	 0	 0	 1	 已等待时间x是 0	 0	 0	 0	 0	 0	 0	 0	 0	 0	 0	 0	 已耗费时间g为10	 标识来源于M365	 激发的变迁	 2	 它不是终止标识 NO 它不是重复标识
m537的标识是 0	 1	 0	 0	 0	 0	 0	 1	 2	 0	 1	 0	 已等待时间x是 0	 0	 0	 0	 0	 0	 0	 0	 0	 0	 0	 0	 已耗费时间g为10	 标识来源于M365	 激发的变迁	 6	 它不是终止标识 NO 它不是重复标识
m538的标识是 0	 0	 0	 1	 1	 0	 0	 0	 1	 1	 0	 1	 已等待时间x是 0	 0	 0	 0	 0	 0	 0	 0	 0	 0	 0	 0	 已耗费时间g为 9	 标识来源于M367	 激发的变迁	 2	 它不是终止标识 NO 它不是重复标识
m539的标识是 0	 1	 0	 0	 0	 0	 1	 0	 1	 1	 1	 0	 已等待时间x是 0	 0	 0	 0	 0	 0	 0	 0	 0	 0	 0	 0	 已耗费时间g为 9	 标识来源于M367	 激发的变迁	 5	 它不是终止标识 NO 它不是重复标识
m540的标识是 0	 0	 0	 0	 1	 1	 1	 0	 0	 1	 1	 0	 已等待时间x是 0	 0	 0	 0	 0	 0	 2	 0	 0	 0	 0	 0	 已耗费时间g为 8	 标识来源于M369	 激发的变迁	 4	 它不是终止标识 NO 它不是重复标识
m541的标识是 0	 0	 0	 1	 1	 0	 0	 0	 1	 1	 0	 1	 已等待时间x是 0	 0	 0	 3	 0	 0	 0	 0	 0	 0	 0	 0	 已耗费时间g为 9	 标识来源于M369	 激发的变迁	 7	 它不是终止标识 NO 它不是重复标识
m542的标识是 0	 0	 0	 0	 0	 2	 1	 0	 1	 0	 1	 0	 已等待时间x是 0	 0	 0	 0	 0	 0	 0	 0	 0	 0	 0	 0	 已耗费时间g为 6	 标识来源于M372	 激发的变迁	 5	 它不是终止标识 NO 它不是重复标识
m543的标识是 0	 0	 0	 0	 1	 1	 0	 1	 1	 0	 1	 0	 已等待时间x是 0	 0	 0	 0	 0	 0	 0	 0	 0	 0	 0	 0	 已耗费时间g为 6	 标识来源于M372	 激发的变迁	 6	 它不是终止标识 NO 它不是重复标识
m544的标识是 0	 0	 0	 0	 0	 2	 1	 0	 1	 0	 1	 0	 已等待时间x是 0	 0	 0	 0	 0	 0	 1	 0	 0	 0	 0	 0	 已耗费时间g为 6	 标识来源于M374	 激发的变迁	 4	 它不是终止标识 NO 它不是重复标识
m545的标识是 0	 0	 0	 1	 0	 1	 0	 0	 2	 0	 0	 1	 已等待时间x是 0	 0	 0	 4	 0	 0	 0	 0	 0	 0	 0	 0	 已耗费时间g为 8	 标识来源于M374	 激发的变迁	 7	 它不是终止标识 NO 它不是重复标识
m546的标识是 0	 0	 0	 0	 1	 1	 0	 1	 1	 0	 1	 0	 已等待时间x是 0	 0	 0	 0	 0	 0	 0	 1	 0	 0	 0	 0	 已耗费时间g为 6	 标识来源于M375	 激发的变迁	 4	 它不是终止标识 NO 它不是重复标识
m547的标识是 0	 0	 0	 1	 1	 0	 0	 0	 1	 1	 0	 1	 已等待时间x是 0	 0	 0	 3	 0	 0	 0	 0	 0	 0	 0	 0	 已耗费时间g为 7	 标识来源于M375	 激发的变迁	 8	 它不是终止标识 NO 它不是重复标识
m548的标识是 0	 0	 0	 0	 0	 2	 1	 0	 1	 0	 1	 0	 已等待时间x是 0	 0	 0	 0	 0	 0	 2	 0	 0	 0	 0	 0	 已耗费时间g为 7	 标识来源于M377	 激发的变迁	 4	 它不是终止标识 NO 它不是重复标识
m549的标识是 0	 0	 0	 1	 0	 1	 0	 0	 2	 0	 0	 1	 已等待时间x是 0	 0	 0	 3	 0	 0	 0	 0	 0	 0	 0	 0	 已耗费时间g为 8	 标识来源于M377	 激发的变迁	 7	 它不是终止标识 NO 它不是重复标识
m550的标识是 0	 0	 0	 0	 1	 1	 0	 1	 1	 0	 1	 0	 已等待时间x是 0	 0	 0	 0	 0	 0	 0	 2	 0	 0	 0	 0	 已耗费时间g为 7	 标识来源于M378	 激发的变迁	 4	 它不是终止标识 NO 它不是重复标识
m551的标识是 0	 0	 0	 1	 1	 0	 0	 0	 1	 1	 0	 1	 已等待时间x是 0	 0	 0	 2	 0	 0	 0	 0	 0	 0	 0	 0	 已耗费时间g为 7	 标识来源于M378	 激发的变迁	 8	 它不是终止标识 NO 它不是重复标识
m552的标识是 0	 0	 0	 1	 0	 1	 0	 0	 2	 0	 0	 1	 已等待时间x是 0	 0	 0	 0	 0	 0	 0	 0	 0	 0	 0	 0	 已耗费时间g为 8	 标识来源于M380	 激发的变迁	 2	 它不是终止标识 NO 它不是重复标识
m553的标识是 0	 1	 0	 0	 0	 0	 0	 1	 2	 0	 1	 0	 已等待时间x是 0	 0	 0	 0	 0	 0	 0	 0	 0	 0	 0	 0	 已耗费时间g为 8	 标识来源于M380	 激发的变迁	 6	 它不是终止标识 NO 它不是重复标识
m554的标识是 0	 0	 0	 1	 1	 0	 0	 0	 1	 1	 0	 1	 已等待时间x是 0	 0	 0	 0	 0	 0	 0	 0	 0	 0	 0	 0	 已耗费时间g为 7	 标识来源于M382	 激发的变迁	 2	 它不是终止标识 NO 它不是重复标识
m555的标识是 0	 1	 0	 0	 0	 0	 1	 0	 1	 1	 1	 0	 已等待时间x是 0	 0	 0	 0	 0	 0	 0	 0	 0	 0	 0	 0	 已耗费时间g为 7	 标识来源于M382	 激发的变迁	 5	 它不是终止标识 NO 它不是重复标识
m556的标识是 0	 0	 0	 0	 0	 2	 1	 0	 1	 0	 1	 0	 已等待时间x是 0	 0	 0	 0	 0	 0	 4	 0	 0	 0	 0	 0	 已耗费时间g为 9	 标识来源于M384	 激发的变迁	 4	 它不是终止标识 NO 它不是重复标识
m557的标识是 0	 0	 0	 1	 0	 1	 0	 0	 2	 0	 0	 1	 已等待时间x是 0	 0	 0	 1	 0	 0	 0	 0	 0	 0	 0	 0	 已耗费时间g为 8	 标识来源于M384	 激发的变迁	 7	 它不是终止标识 NO 它不是重复标识
m558的标识是 0	 0	 0	 0	 0	 2	 1	 0	 1	 0	 1	 0	 已等待时间x是 0	 0	 0	 0	 0	 0	 2	 0	 0	 0	 0	 0	 已耗费时间g为 6	 标识来源于M390	 激发的变迁	 4	 它不是终止标识 NO 它不是重复标识
m559的标识是 0	 0	 0	 1	 0	 1	 0	 0	 2	 0	 0	 1	 已等待时间x是 0	 0	 0	 3	 0	 0	 0	 0	 0	 0	 0	 0	 已耗费时间g为 7	 标识来源于M390	 激发的变迁	 7	 它不是终止标识 NO 它不是重复标识
m560的标识是 0	 0	 0	 0	 1	 1	 0	 1	 1	 0	 1	 0	 已等待时间x是 0	 0	 0	 0	 0	 0	 0	 2	 0	 0	 0	 0	 已耗费时间g为 6	 标识来源于M391	 激发的变迁	 4	 它不是终止标识 NO 它不是重复标识
m561的标识是 0	 0	 0	 1	 1	 0	 0	 0	 1	 1	 0	 1	 已等待时间x是 0	 0	 0	 2	 0	 0	 0	 0	 0	 0	 0	 0	 已耗费时间g为 6	 标识来源于M391	 激发的变迁	 8	 它不是终止标识 NO 它不是重复标识
m562的标识是 0	 0	 0	 1	 0	 1	 0	 0	 2	 0	 0	 1	 已等待时间x是 0	 0	 0	 0	 0	 0	 0	 0	 0	 0	 0	 0	 已耗费时间g为 7	 标识来源于M393	 激发的变迁	 2	 它不是终止标识 NO 它不是重复标识
m563的标识是 0	 1	 0	 0	 0	 0	 0	 1	 2	 0	 1	 0	 已等待时间x是 0	 0	 0	 0	 0	 0	 0	 0	 0	 0	 0	 0	 已耗费时间g为 7	 标识来源于M393	 激发的变迁	 6	 它不是终止标识 NO 它不是重复标识
m564的标识是 0	 0	 0	 1	 1	 0	 0	 0	 1	 1	 0	 1	 已等待时间x是 0	 0	 0	 0	 0	 0	 0	 0	 0	 0	 0	 0	 已耗费时间g为 6	 标识来源于M395	 激发的变迁	 2	 它不是终止标识 NO 它不是重复标识
m565的标识是 0	 1	 0	 0	 0	 0	 1	 0	 1	 1	 1	 0	 已等待时间x是 0	 0	 0	 0	 0	 0	 0	 0	 0	 0	 0	 0	 已耗费时间g为 6	 标识来源于M395	 激发的变迁	 5	 它不是终止标识 NO 它不是重复标识
m566的标识是 0	 0	 0	 0	 0	 2	 1	 0	 1	 0	 1	 0	 已等待时间x是 0	 0	 0	 0	 0	 0	 0	 0	 0	 0	 0	 0	 已耗费时间g为 8	 标识来源于M397	 激发的变迁	 5	 它不是终止标识 NO 它不是重复标识
m567的标识是 0	 0	 0	 0	 1	 1	 0	 1	 1	 0	 1	 0	 已等待时间x是 0	 0	 0	 0	 0	 0	 0	 0	 0	 0	 0	 0	 已耗费时间g为 8	 标识来源于M397	 激发的变迁	 6	 它不是终止标识 NO 它不是重复标识
m568的标识是 0	 0	 0	 0	 0	 2	 1	 0	 1	 0	 1	 0	 已等待时间x是 0	 0	 0	 0	 0	 0	 2	 0	 0	 0	 0	 0	 已耗费时间g为 8	 标识来源于M398	 激发的变迁	 4	 它不是终止标识 NO 它不是重复标识
m569的标识是 0	 0	 0	 1	 0	 1	 0	 0	 2	 0	 0	 1	 已等待时间x是 0	 0	 0	 3	 0	 0	 0	 0	 0	 0	 0	 0	 已耗费时间g为 9	 标识来源于M398	 激发的变迁	 7	 它不是终止标识 NO 它不是重复标识
m570的标识是 0	 0	 0	 0	 1	 1	 0	 1	 1	 0	 1	 0	 已等待时间x是 0	 0	 0	 0	 0	 0	 0	 2	 0	 0	 0	 0	 已耗费时间g为 8	 标识来源于M399	 激发的变迁	 4	 它不是终止标识 NO 它不是重复标识
m571的标识是 0	 0	 0	 1	 1	 0	 0	 0	 1	 1	 0	 1	 已等待时间x是 0	 0	 0	 2	 0	 0	 0	 0	 0	 0	 0	 0	 已耗费时间g为 8	 标识来源于M399	 激发的变迁	 8	 它不是终止标识 NO 它不是重复标识
m572的标识是 0	 0	 0	 1	 0	 1	 0	 0	 2	 0	 0	 1	 已等待时间x是 0	 0	 0	 0	 0	 0	 0	 0	 0	 0	 0	 0	 已耗费时间g为 9	 标识来源于M401	 激发的变迁	 2	 它不是终止标识 NO 它不是重复标识
m573的标识是 0	 1	 0	 0	 0	 0	 0	 1	 2	 0	 1	 0	 已等待时间x是 0	 0	 0	 0	 0	 0	 0	 0	 0	 0	 0	 0	 已耗费时间g为 9	 标识来源于M401	 激发的变迁	 6	 它不是终止标识 NO 它不是重复标识
m574的标识是 0	 0	 0	 1	 1	 0	 0	 0	 1	 1	 0	 1	 已等待时间x是 0	 0	 0	 0	 0	 0	 0	 0	 0	 0	 0	 0	 已耗费时间g为 8	 标识来源于M403	 激发的变迁	 2	 它不是终止标识 NO 它不是重复标识
m575的标识是 0	 1	 0	 0	 0	 0	 1	 0	 1	 1	 1	 0	 已等待时间x是 0	 0	 0	 0	 0	 0	 0	 0	 0	 0	 0	 0	 已耗费时间g为 8	 标识来源于M403	 激发的变迁	 5	 它不是终止标识 NO 它不是重复标识
m576的标识是 0	 0	 0	 0	 0	 2	 1	 0	 1	 0	 1	 0	 已等待时间x是 0	 0	 0	 0	 0	 0	 4	 0	 0	 0	 0	 0	 已耗费时间g为 8	 标识来源于M404	 激发的变迁	 4	 它不是终止标识 NO 它不是重复标识
m577的标识是 0	 0	 0	 1	 0	 1	 0	 0	 2	 0	 0	 1	 已等待时间x是 0	 0	 0	 1	 0	 0	 0	 0	 0	 0	 0	 0	 已耗费时间g为 7	 标识来源于M404	 激发的变迁	 7	 它不是终止标识 NO 它不是重复标识
m579的标识是 0	 0	 0	 1	 0	 1	 0	 0	 2	 0	 0	 1	 已等待时间x是 0	 0	 0	 5	 0	 0	 0	 0	 0	 0	 0	 0	 已耗费时间g为 9	 标识来源于M410	 激发的变迁	 7	 它不是终止标识 NO 它不是重复标识
m581的标识是 0	 0	 0	 1	 1	 0	 0	 0	 1	 1	 0	 1	 已等待时间x是 0	 0	 0	 4	 0	 0	 0	 0	 0	 0	 0	 0	 已耗费时间g为 8	 标识来源于M411	 激发的变迁	 8	 它不是终止标识 NO 它不是重复标识
m582的标识是 0	 0	 0	 0	 1	 1	 1	 0	 0	 1	 1	 0	 已等待时间x是 0	 0	 0	 0	 0	 0	 1	 0	 0	 0	 0	 0	 已耗费时间g为 6	 标识来源于M415	 激发的变迁	 4	 它不是终止标识 NO 它不是重复标识
m584的标识是 0	 0	 0	 0	 1	 1	 1	 0	 0	 1	 1	 0	 已等待时间x是 0	 0	 0	 0	 0	 0	 0	 0	 0	 0	 0	 0	 已耗费时间g为 7	 标识来源于M416	 激发的变迁	 5	 它不是终止标识 NO 它不是重复标识
m585的标识是 0	 0	 0	 0	 2	 0	 0	 1	 0	 1	 1	 0	 已等待时间x是 0	 0	 0	 0	 0	 0	 0	 0	 0	 0	 0	 0	 已耗费时间g为 7	 标识来源于M416	 激发的变迁	 6	 它不是终止标识 NO 它不是重复标识
m586的标识是 0	 0	 0	 0	 1	 1	 1	 0	 0	 1	 1	 0	 已等待时间x是 0	 0	 0	 0	 0	 0	 2	 0	 0	 0	 0	 0	 已耗费时间g为 7	 标识来源于M417	 激发的变迁	 4	 它不是终止标识 NO 它不是重复标识
m587的标识是 0	 0	 0	 1	 1	 0	 0	 0	 1	 1	 0	 1	 已等待时间x是 0	 0	 0	 3	 0	 0	 0	 0	 0	 0	 0	 0	 已耗费时间g为 8	 标识来源于M417	 激发的变迁	 7	 它不是终止标识 NO 它不是重复标识
m589的标识是 0	 0	 1	 0	 0	 1	 0	 0	 1	 1	 0	 1	 已等待时间x是 0	 0	 5	 0	 0	 0	 0	 0	 0	 0	 0	 0	 已耗费时间g为10	 标识来源于M422	 激发的变迁	 8	 它不是终止标识 NO 它不是重复标识
m593的标识是 0	 0	 1	 0	 1	 0	 0	 0	 0	 2	 0	 1	 已等待时间x是 0	 0	 4	 0	 0	 0	 0	 0	 0	 0	 0	 0	 已耗费时间g为 9	 标识来源于M426	 激发的变迁	 8	 它不是终止标识 NO 它不是重复标识
m594的标识是 0	 0	 0	 0	 1	 1	 0	 1	 1	 0	 1	 0	 已等待时间x是 0	 0	 0	 0	 0	 0	 0	 1	 0	 0	 0	 0	 已耗费时间g为 9	 标识来源于M428	 激发的变迁	 3	 它不是终止标识 NO 它不是重复标识
m595的标识是 0	 0	 1	 0	 0	 1	 0	 0	 1	 1	 0	 1	 已等待时间x是 0	 0	 2	 0	 0	 0	 0	 0	 0	 0	 0	 0	 已耗费时间g为10	 标识来源于M428	 激发的变迁	 8	 它不是终止标识 NO 它不是重复标识
m596的标识是 0	 0	 1	 0	 0	 1	 0	 0	 1	 1	 0	 1	 已等待时间x是 0	 0	 0	 0	 0	 0	 0	 0	 0	 0	 0	 0	 已耗费时间g为10	 标识来源于M430	 激发的变迁	 1	 它不是终止标识 NO 它不是重复标识
m597的标识是 1	 0	 0	 0	 0	 0	 0	 1	 1	 1	 1	 0	 已等待时间x是 0	 0	 0	 0	 0	 0	 0	 0	 0	 0	 0	 0	 已耗费时间g为10	 标识来源于M430	 激发的变迁	 6	 它不是终止标识 NO 它不是重复标识
m598的标识是 0	 0	 0	 0	 1	 1	 1	 0	 0	 1	 1	 0	 已等待时间x是 0	 0	 0	 0	 0	 0	 1	 0	 0	 0	 0	 0	 已耗费时间g为 8	 标识来源于M432	 激发的变迁	 3	 它不是终止标识 NO 它不是重复标识
m599的标识是 0	 0	 1	 0	 0	 1	 0	 0	 1	 1	 0	 1	 已等待时间x是 0	 0	 3	 0	 0	 0	 0	 0	 0	 0	 0	 0	 已耗费时间g为10	 标识来源于M432	 激发的变迁	 7	 它不是终止标识 NO 它不是重复标识
m600的标识是 0	 0	 0	 0	 2	 0	 0	 1	 0	 1	 1	 0	 已等待时间x是 0	 0	 0	 0	 0	 0	 0	 1	 0	 0	 0	 0	 已耗费时间g为 8	 标识来源于M433	 激发的变迁	 3	 它不是终止标识 NO 它不是重复标识
m601的标识是 0	 0	 1	 0	 1	 0	 0	 0	 0	 2	 0	 1	 已等待时间x是 0	 0	 2	 0	 0	 0	 0	 0	 0	 0	 0	 0	 已耗费时间g为 9	 标识来源于M433	 激发的变迁	 8	 它不是终止标识 NO 它不是重复标识
m602的标识是 0	 0	 1	 0	 1	 0	 0	 0	 0	 2	 0	 1	 已等待时间x是 0	 0	 0	 0	 0	 0	 0	 0	 0	 0	 0	 0	 已耗费时间g为 9	 标识来源于M437	 激发的变迁	 1	 它不是终止标识 NO 它不是重复标识
m603的标识是 1	 0	 0	 0	 0	 0	 1	 0	 0	 2	 1	 0	 已等待时间x是 0	 0	 0	 0	 0	 0	 0	 0	 0	 0	 0	 0	 已耗费时间g为 9	 标识来源于M437	 激发的变迁	 5	 它不是终止标识 NO 它不是重复标识
m605的标识是 0	 0	 1	 0	 0	 1	 0	 0	 1	 1	 0	 1	 已等待时间x是 0	 0	 3	 0	 0	 0	 0	 0	 0	 0	 0	 0	 已耗费时间g为 8	 标识来源于M439	 激发的变迁	 8	 它不是终止标识 NO 它不是重复标识
m606的标识是 0	 0	 0	 0	 1	 1	 0	 1	 1	 0	 1	 0	 已等待时间x是 0	 0	 0	 0	 0	 0	 0	 1	 0	 0	 0	 0	 已耗费时间g为 7	 标识来源于M441	 激发的变迁	 3	 它不是终止标识 NO 它不是重复标识
m607的标识是 0	 0	 1	 0	 0	 1	 0	 0	 1	 1	 0	 1	 已等待时间x是 0	 0	 2	 0	 0	 0	 0	 0	 0	 0	 0	 0	 已耗费时间g为 8	 标识来源于M441	 激发的变迁	 8	 它不是终止标识 NO 它不是重复标识
m608的标识是 0	 0	 1	 0	 0	 1	 0	 0	 1	 1	 0	 1	 已等待时间x是 0	 0	 0	 0	 0	 0	 0	 0	 0	 0	 0	 0	 已耗费时间g为 8	 标识来源于M443	 激发的变迁	 1	 它不是终止标识 NO 它不是重复标识
m609的标识是 1	 0	 0	 0	 0	 0	 0	 1	 1	 1	 1	 0	 已等待时间x是 0	 0	 0	 0	 0	 0	 0	 0	 0	 0	 0	 0	 已耗费时间g为 8	 标识来源于M443	 激发的变迁	 6	 它不是终止标识 NO 它不是重复标识
m612的标识是 0	 0	 0	 0	 2	 0	 0	 1	 0	 1	 1	 0	 已等待时间x是 0	 0	 0	 0	 0	 0	 0	 1	 0	 0	 0	 0	 已耗费时间g为 6	 标识来源于M447	 激发的变迁	 3	 它不是终止标识 NO 它不是重复标识
m613的标识是 0	 0	 1	 0	 1	 0	 0	 0	 0	 2	 0	 1	 已等待时间x是 0	 0	 2	 0	 0	 0	 0	 0	 0	 0	 0	 0	 已耗费时间g为 7	 标识来源于M447	 激发的变迁	 8	 它不是终止标识 NO 它不是重复标识
m614的标识是 0	 0	 1	 0	 1	 0	 0	 0	 0	 2	 0	 1	 已等待时间x是 0	 0	 0	 0	 0	 0	 0	 0	 0	 0	 0	 0	 已耗费时间g为 7	 标识来源于M451	 激发的变迁	 1	 它不是终止标识 NO 它不是重复标识
m615的标识是 1	 0	 0	 0	 0	 0	 1	 0	 0	 2	 1	 0	 已等待时间x是 0	 0	 0	 0	 0	 0	 0	 0	 0	 0	 0	 0	 已耗费时间g为 7	 标识来源于M451	 激发的变迁	 5	 它不是终止标识 NO 它不是重复标识
m616的标识是 0	 0	 0	 0	 1	 1	 0	 1	 1	 0	 1	 0	 已等待时间x是 0	 0	 0	 0	 0	 0	 0	 3	 0	 0	 0	 0	 已耗费时间g为 9	 标识来源于M452	 激发的变迁	 4	 它不是终止标识 NO 它不是重复标识
m617的标识是 0	 0	 0	 1	 1	 0	 0	 0	 1	 1	 0	 1	 已等待时间x是 0	 0	 0	 1	 0	 0	 0	 0	 0	 0	 0	 0	 已耗费时间g为 8	 标识来源于M452	 激发的变迁	 8	 它不是终止标识 NO 它不是重复标识
m620的标识是 0	 0	 0	 0	 1	 1	 1	 0	 0	 1	 1	 0	 已等待时间x是 0	 0	 0	 0	 0	 0	 3	 0	 0	 0	 0	 0	 已耗费时间g为 8	 标识来源于M460	 激发的变迁	 4	 它不是终止标识 NO 它不是重复标识
m623的标识是 0	 0	 1	 0	 0	 1	 0	 0	 1	 1	 0	 1	 已等待时间x是 0	 0	 1	 0	 0	 0	 0	 0	 0	 0	 0	 0	 已耗费时间g为 8	 标识来源于M463	 激发的变迁	 7	 它不是终止标识 NO 它不是重复标识
m625的标识是 0	 0	 1	 0	 0	 1	 0	 0	 1	 1	 0	 1	 已等待时间x是 0	 0	 2	 0	 0	 0	 0	 0	 0	 0	 0	 0	 已耗费时间g为 7	 标识来源于M468	 激发的变迁	 8	 它不是终止标识 NO 它不是重复标识
m626的标识是 0	 0	 1	 0	 0	 1	 0	 0	 1	 1	 0	 1	 已等待时间x是 0	 0	 0	 0	 0	 0	 0	 0	 0	 0	 0	 0	 已耗费时间g为 7	 标识来源于M470	 激发的变迁	 1	 它不是终止标识 NO 它不是重复标识
m627的标识是 1	 0	 0	 0	 0	 0	 0	 1	 1	 1	 1	 0	 已等待时间x是 0	 0	 0	 0	 0	 0	 0	 0	 0	 0	 0	 0	 已耗费时间g为 7	 标识来源于M470	 激发的变迁	 6	 它不是终止标识 NO 它不是重复标识
m629的标识是 0	 0	 1	 0	 0	 1	 0	 0	 1	 1	 0	 1	 已等待时间x是 0	 0	 1	 0	 0	 0	 0	 0	 0	 0	 0	 0	 已耗费时间g为 6	 标识来源于M471	 激发的变迁	 8	 它不是终止标识 NO 它不是重复标识
m630的标识是 0	 0	 1	 0	 0	 1	 0	 0	 1	 1	 0	 1	 已等待时间x是 0	 0	 0	 0	 0	 0	 0	 0	 0	 0	 0	 0	 已耗费时间g为 6	 标识来源于M472	 激发的变迁	 1	 它不是终止标识 NO 它不是重复标识
m631的标识是 1	 0	 0	 0	 0	 0	 0	 1	 1	 1	 1	 0	 已等待时间x是 0	 0	 0	 0	 0	 0	 0	 0	 0	 0	 0	 0	 已耗费时间g为 6	 标识来源于M472	 激发的变迁	 6	 它不是终止标识 NO 它不是重复标识
m632的标识是 0	 0	 0	 0	 1	 1	 0	 1	 1	 0	 1	 0	 已等待时间x是 0	 0	 0	 0	 0	 0	 0	 3	 0	 0	 0	 0	 已耗费时间g为 7	 标识来源于M474	 激发的变迁	 4	 它不是终止标识 NO 它不是重复标识
m633的标识是 0	 0	 0	 1	 1	 0	 0	 0	 1	 1	 0	 1	 已等待时间x是 0	 0	 0	 1	 0	 0	 0	 0	 0	 0	 0	 0	 已耗费时间g为 6	 标识来源于M474	 激发的变迁	 8	 它不是终止标识 NO 它不是重复标识
m636的标识是 0	 0	 0	 0	 1	 1	 1	 0	 0	 1	 1	 0	 已等待时间x是 0	 0	 0	 0	 0	 0	 2	 0	 0	 0	 0	 0	 已耗费时间g为 6	 标识来源于M484	 激发的变迁	 4	 它不是终止标识 NO 它不是重复标识
m640的标识是 0	 0	 0	 0	 1	 1	 1	 0	 0	 1	 1	 0	 已等待时间x是 0	 0	 0	 0	 0	 0	 3	 0	 0	 0	 0	 0	 已耗费时间g为 7	 标识来源于M491	 激发的变迁	 4	 它不是终止标识 NO 它不是重复标识
m642的标识是 0	 0	 0	 0	 1	 1	 1	 0	 0	 1	 1	 0	 已等待时间x是 0	 0	 0	 0	 0	 0	 1	 0	 0	 0	 0	 0	 已耗费时间g为 7	 标识来源于M495	 激发的变迁	 3	 它不是终止标识 NO 它不是重复标识
m643的标识是 0	 0	 1	 0	 0	 1	 0	 0	 1	 1	 0	 1	 已等待时间x是 0	 0	 3	 0	 0	 0	 0	 0	 0	 0	 0	 0	 已耗费时间g为 9	 标识来源于M495	 激发的变迁	 7	 它不是终止标识 NO 它不是重复标识
m644的标识是 0	 0	 0	 0	 2	 0	 0	 1	 0	 1	 1	 0	 已等待时间x是 0	 0	 0	 0	 0	 0	 0	 1	 0	 0	 0	 0	 已耗费时间g为 7	 标识来源于M496	 激发的变迁	 3	 它不是终止标识 NO 它不是重复标识
m645的标识是 0	 0	 1	 0	 1	 0	 0	 0	 0	 2	 0	 1	 已等待时间x是 0	 0	 2	 0	 0	 0	 0	 0	 0	 0	 0	 0	 已耗费时间g为 8	 标识来源于M496	 激发的变迁	 8	 它不是终止标识 NO 它不是重复标识
m646的标识是 0	 0	 1	 0	 0	 1	 0	 0	 1	 1	 0	 1	 已等待时间x是 0	 0	 0	 0	 0	 0	 0	 0	 0	 0	 0	 0	 已耗费时间g为 9	 标识来源于M498	 激发的变迁	 1	 它不是终止标识 NO 它不是重复标识
m647的标识是 1	 0	 0	 0	 0	 0	 0	 1	 1	 1	 1	 0	 已等待时间x是 0	 0	 0	 0	 0	 0	 0	 0	 0	 0	 0	 0	 已耗费时间g为 9	 标识来源于M498	 激发的变迁	 6	 它不是终止标识 NO 它不是重复标识
m648的标识是 0	 0	 1	 0	 1	 0	 0	 0	 0	 2	 0	 1	 已等待时间x是 0	 0	 0	 0	 0	 0	 0	 0	 0	 0	 0	 0	 已耗费时间g为 8	 标识来源于M500	 激发的变迁	 1	 它不是终止标识 NO 它不是重复标识
m649的标识是 1	 0	 0	 0	 0	 0	 1	 0	 0	 2	 1	 0	 已等待时间x是 0	 0	 0	 0	 0	 0	 0	 0	 0	 0	 0	 0	 已耗费时间g为 8	 标识来源于M500	 激发的变迁	 5	 它不是终止标识 NO 它不是重复标识
m651的标识是 0	 0	 1	 0	 0	 1	 0	 0	 1	 1	 0	 1	 已等待时间x是 0	 0	 1	 0	 0	 0	 0	 0	 0	 0	 0	 0	 已耗费时间g为 7	 标识来源于M501	 激发的变迁	 7	 它不是终止标识 NO 它不是重复标识
m653的标识是 0	 0	 1	 0	 0	 1	 0	 0	 1	 1	 0	 1	 已等待时间x是 0	 0	 4	 0	 0	 0	 0	 0	 0	 0	 0	 0	 已耗费时间g为 9	 标识来源于M507	 激发的变迁	 7	 它不是终止标识 NO 它不是重复标识
m655的标识是 0	 0	 1	 0	 1	 0	 0	 0	 0	 2	 0	 1	 已等待时间x是 0	 0	 3	 0	 0	 0	 0	 0	 0	 0	 0	 0	 已耗费时间g为 8	 标识来源于M508	 激发的变迁	 8	 它不是终止标识 NO 它不是重复标识
m656的标识是 0	 0	 0	 0	 2	 0	 0	 1	 0	 1	 1	 0	 已等待时间x是 0	 0	 0	 0	 0	 0	 0	 2	 0	 0	 0	 0	 已耗费时间g为 8	 标识来源于M510	 激发的变迁	 3	 它不是终止标识 NO 它不是重复标识
m657的标识是 0	 0	 1	 0	 1	 0	 0	 0	 0	 2	 0	 1	 已等待时间x是 0	 0	 1	 0	 0	 0	 0	 0	 0	 0	 0	 0	 已耗费时间g为 8	 标识来源于M510	 激发的变迁	 8	 它不是终止标识 NO 它不是重复标识
m658的标识是 0	 0	 0	 0	 2	 0	 0	 1	 0	 1	 1	 0	 已等待时间x是 0	 0	 0	 0	 0	 0	 0	 2	 0	 0	 0	 0	 已耗费时间g为 6	 标识来源于M514	 激发的变迁	 3	 它不是终止标识 NO 它不是重复标识
m659的标识是 0	 0	 1	 0	 1	 0	 0	 0	 0	 2	 0	 1	 已等待时间x是 0	 0	 1	 0	 0	 0	 0	 0	 0	 0	 0	 0	 已耗费时间g为 6	 标识来源于M514	 激发的变迁	 8	 它不是终止标识 NO 它不是重复标识
m660的标识是 0	 0	 1	 0	 1	 0	 0	 0	 0	 2	 0	 1	 已等待时间x是 0	 0	 0	 0	 0	 0	 0	 0	 0	 0	 0	 0	 已耗费时间g为 6	 标识来源于M515	 激发的变迁	 1	 它不是终止标识 NO 它不是重复标识
m661的标识是 1	 0	 0	 0	 0	 0	 1	 0	 0	 2	 1	 0	 已等待时间x是 0	 0	 0	 0	 0	 0	 0	 0	 0	 0	 0	 0	 已耗费时间g为 6	 标识来源于M515	 激发的变迁	 5	 它不是终止标识 NO 它不是重复标识
m662的标识是 0	 0	 0	 0	 0	 2	 0	 0	 2	 0	 1	 1	 已等待时间x是 0	 0	 0	 0	 0	 0	 0	 0	 0	 0	 0	 0	 已耗费时间g为12	 标识来源于M518	 激发的变迁	 7	 它不是终止标识 NO 它不是重复标识
m663的标识是 0	 0	 0	 0	 1	 1	 0	 0	 1	 1	 1	 1	 已等待时间x是 0	 0	 0	 0	 0	 0	 0	 0	 0	 0	 0	 0	 已耗费时间g为11	 标识来源于M519	 激发的变迁	 8	 它不是终止标识 NO 它不是重复标识
m665的标识是 0	 0	 0	 0	 2	 0	 0	 0	 0	 2	 1	 1	 已等待时间x是 0	 0	 0	 0	 0	 0	 0	 0	 0	 0	 0	 0	 已耗费时间g为10	 标识来源于M521	 激发的变迁	 8	 它不是终止标识 NO 它不是重复标识
m666的标识是 0	 0	 0	 0	 0	 2	 0	 0	 2	 0	 1	 1	 已等待时间x是 0	 0	 0	 0	 0	 0	 0	 0	 0	 0	 0	 0	 已耗费时间g为10	 标识来源于M522	 激发的变迁	 7	 它不是终止标识 NO 它不是重复标识
m667的标识是 0	 0	 0	 0	 1	 1	 0	 0	 1	 1	 1	 1	 已等待时间x是 0	 0	 0	 0	 0	 0	 0	 0	 0	 0	 0	 0	 已耗费时间g为 9	 标识来源于M523	 激发的变迁	 8	 它不是终止标识 NO 它不是重复标识
m669的标识是 0	 0	 0	 1	 0	 0	 0	 1	 2	 0	 0	 0	 已等待时间x是 0	 0	 0	 6	 0	 0	 0	 0	 0	 0	 0	 0	 已耗费时间g为10	 标识来源于M525	 激发的变迁	 6	 它不是终止标识 NO 它不是重复标识
m671的标识是 0	 0	 0	 1	 0	 0	 1	 0	 1	 1	 0	 0	 已等待时间x是 0	 0	 0	 5	 0	 0	 0	 0	 0	 0	 0	 0	 已耗费时间g为 9	 标识来源于M527	 激发的变迁	 5	 它不是终止标识 NO 它不是重复标识
m673的标识是 0	 0	 0	 0	 2	 0	 0	 0	 0	 2	 1	 1	 已等待时间x是 0	 0	 0	 0	 0	 0	 0	 0	 0	 0	 0	 0	 已耗费时间g为 8	 标识来源于M529	 激发的变迁	 8	 它不是终止标识 NO 它不是重复标识
m676的标识是 0	 0	 0	 1	 0	 0	 0	 1	 2	 0	 0	 0	 已等待时间x是 0	 0	 0	 3	 0	 0	 0	 0	 0	 0	 0	 0	 已耗费时间g为10	 标识来源于M533	 激发的变迁	 6	 它不是终止标识 NO 它不是重复标识
m679的标识是 0	 0	 0	 1	 0	 0	 1	 0	 1	 1	 0	 0	 已等待时间x是 0	 0	 0	 2	 0	 0	 0	 0	 0	 0	 0	 0	 已耗费时间g为 9	 标识来源于M535	 激发的变迁	 5	 它不是终止标识 NO 它不是重复标识
m681的标识是 0	 0	 0	 1	 0	 0	 0	 1	 2	 0	 0	 0	 已等待时间x是 0	 0	 0	 0	 0	 0	 0	 0	 0	 0	 0	 0	 已耗费时间g为10	 标识来源于M536	 激发的变迁	 6	 它不是终止标识 NO 它不是重复标识
m683的标识是 0	 1	 0	 0	 0	 0	 0	 0	 2	 1	 1	 1	 已等待时间x是 0	 0	 0	 0	 0	 0	 0	 0	 0	 0	 0	 0	 已耗费时间g为12	 标识来源于M537	 激发的变迁	 8	 它不是终止标识 NO 它不是重复标识
m685的标识是 0	 0	 0	 1	 0	 0	 1	 0	 1	 1	 0	 0	 已等待时间x是 0	 0	 0	 0	 0	 0	 0	 0	 0	 0	 0	 0	 已耗费时间g为 9	 标识来源于M538	 激发的变迁	 5	 它不是终止标识 NO 它不是重复标识
m690的标识是 0	 0	 0	 1	 0	 0	 1	 0	 1	 1	 0	 0	 已等待时间x是 0	 0	 0	 3	 0	 0	 0	 0	 0	 0	 0	 0	 已耗费时间g为 9	 标识来源于M541	 激发的变迁	 5	 它不是终止标识 NO 它不是重复标识
m691的标识是 0	 0	 0	 0	 0	 2	 0	 0	 2	 0	 1	 1	 已等待时间x是 0	 0	 0	 0	 0	 0	 0	 0	 0	 0	 0	 0	 已耗费时间g为 9	 标识来源于M542	 激发的变迁	 7	 它不是终止标识 NO 它不是重复标识
m692的标识是 0	 0	 0	 0	 1	 1	 0	 0	 1	 1	 1	 1	 已等待时间x是 0	 0	 0	 0	 0	 0	 0	 0	 0	 0	 0	 0	 已耗费时间g为 8	 标识来源于M543	 激发的变迁	 8	 它不是终止标识 NO 它不是重复标识
m693的标识是 0	 0	 0	 0	 0	 2	 0	 0	 2	 0	 1	 1	 已等待时间x是 0	 0	 0	 0	 0	 0	 0	 0	 0	 0	 0	 0	 已耗费时间g为 8	 标识来源于M544	 激发的变迁	 7	 它不是终止标识 NO 它不是重复标识
m695的标识是 0	 0	 0	 1	 0	 0	 0	 1	 2	 0	 0	 0	 已等待时间x是 0	 0	 0	 4	 0	 0	 0	 0	 0	 0	 0	 0	 已耗费时间g为 8	 标识来源于M545	 激发的变迁	 6	 它不是终止标识 NO 它不是重复标识
m696的标识是 0	 0	 0	 0	 1	 1	 0	 0	 1	 1	 1	 1	 已等待时间x是 0	 0	 0	 0	 0	 0	 0	 0	 0	 0	 0	 0	 已耗费时间g为 7	 标识来源于M546	 激发的变迁	 8	 它不是终止标识 NO 它不是重复标识
m698的标识是 0	 0	 0	 1	 0	 0	 1	 0	 1	 1	 0	 0	 已等待时间x是 0	 0	 0	 3	 0	 0	 0	 0	 0	 0	 0	 0	 已耗费时间g为 7	 标识来源于M547	 激发的变迁	 5	 它不是终止标识 NO 它不是重复标识
m701的标识是 0	 0	 0	 1	 0	 0	 0	 1	 2	 0	 0	 0	 已等待时间x是 0	 0	 0	 3	 0	 0	 0	 0	 0	 0	 0	 0	 已耗费时间g为 8	 标识来源于M549	 激发的变迁	 6	 它不是终止标识 NO 它不是重复标识
m704的标识是 0	 0	 0	 1	 0	 0	 1	 0	 1	 1	 0	 0	 已等待时间x是 0	 0	 0	 2	 0	 0	 0	 0	 0	 0	 0	 0	 已耗费时间g为 7	 标识来源于M551	 激发的变迁	 5	 它不是终止标识 NO 它不是重复标识
m706的标识是 0	 0	 0	 1	 0	 0	 0	 1	 2	 0	 0	 0	 已等待时间x是 0	 0	 0	 0	 0	 0	 0	 0	 0	 0	 0	 0	 已耗费时间g为 8	 标识来源于M552	 激发的变迁	 6	 它不是终止标识 NO 它不是重复标识
m708的标识是 0	 1	 0	 0	 0	 0	 0	 0	 2	 1	 1	 1	 已等待时间x是 0	 0	 0	 0	 0	 0	 0	 0	 0	 0	 0	 0	 已耗费时间g为10	 标识来源于M553	 激发的变迁	 8	 它不是终止标识 NO 它不是重复标识
m710的标识是 0	 0	 0	 1	 0	 0	 1	 0	 1	 1	 0	 0	 已等待时间x是 0	 0	 0	 0	 0	 0	 0	 0	 0	 0	 0	 0	 已耗费时间g为 7	 标识来源于M554	 激发的变迁	 5	 它不是终止标识 NO 它不是重复标识
m715的标识是 0	 0	 0	 1	 0	 0	 0	 1	 2	 0	 0	 0	 已等待时间x是 0	 0	 0	 1	 0	 0	 0	 0	 0	 0	 0	 0	 已耗费时间g为 8	 标识来源于M557	 激发的变迁	 6	 它不是终止标识 NO 它不是重复标识
m716的标识是 0	 0	 0	 0	 0	 2	 0	 0	 2	 0	 1	 1	 已等待时间x是 0	 0	 0	 0	 0	 0	 0	 0	 0	 0	 0	 0	 已耗费时间g为 7	 标识来源于M558	 激发的变迁	 7	 它不是终止标识 NO 它不是重复标识
m718的标识是 0	 0	 0	 1	 0	 0	 0	 1	 2	 0	 0	 0	 已等待时间x是 0	 0	 0	 3	 0	 0	 0	 0	 0	 0	 0	 0	 已耗费时间g为 7	 标识来源于M559	 激发的变迁	 6	 它不是终止标识 NO 它不是重复标识
m719的标识是 0	 0	 0	 0	 1	 1	 0	 0	 1	 1	 1	 1	 已等待时间x是 0	 0	 0	 0	 0	 0	 0	 0	 0	 0	 0	 0	 已耗费时间g为 6	 标识来源于M560	 激发的变迁	 8	 它不是终止标识 NO 它不是重复标识
m721的标识是 0	 0	 0	 1	 0	 0	 1	 0	 1	 1	 0	 0	 已等待时间x是 0	 0	 0	 2	 0	 0	 0	 0	 0	 0	 0	 0	 已耗费时间g为 6	 标识来源于M561	 激发的变迁	 5	 它不是终止标识 NO 它不是重复标识
m723的标识是 0	 0	 0	 1	 0	 0	 0	 1	 2	 0	 0	 0	 已等待时间x是 0	 0	 0	 0	 0	 0	 0	 0	 0	 0	 0	 0	 已耗费时间g为 7	 标识来源于M562	 激发的变迁	 6	 它不是终止标识 NO 它不是重复标识
m725的标识是 0	 1	 0	 0	 0	 0	 0	 0	 2	 1	 1	 1	 已等待时间x是 0	 0	 0	 0	 0	 0	 0	 0	 0	 0	 0	 0	 已耗费时间g为 9	 标识来源于M563	 激发的变迁	 8	 它不是终止标识 NO 它不是重复标识
m727的标识是 0	 0	 0	 1	 0	 0	 1	 0	 1	 1	 0	 0	 已等待时间x是 0	 0	 0	 0	 0	 0	 0	 0	 0	 0	 0	 0	 已耗费时间g为 6	 标识来源于M564	 激发的变迁	 5	 它不是终止标识 NO 它不是重复标识
m730的标识是 0	 0	 0	 0	 0	 2	 0	 0	 2	 0	 1	 1	 已等待时间x是 0	 0	 0	 0	 0	 0	 0	 0	 0	 0	 0	 0	 已耗费时间g为11	 标识来源于M566	 激发的变迁	 7	 它不是终止标识 NO 它不是重复标识
m731的标识是 0	 0	 0	 0	 1	 1	 0	 0	 1	 1	 1	 1	 已等待时间x是 0	 0	 0	 0	 0	 0	 0	 0	 0	 0	 0	 0	 已耗费时间g为10	 标识来源于M567	 激发的变迁	 8	 它不是终止标识 NO 它不是重复标识
m734的标识是 0	 0	 0	 1	 0	 0	 0	 1	 2	 0	 0	 0	 已等待时间x是 0	 0	 0	 3	 0	 0	 0	 0	 0	 0	 0	 0	 已耗费时间g为 9	 标识来源于M569	 激发的变迁	 6	 它不是终止标识 NO 它不是重复标识
m737的标识是 0	 0	 0	 1	 0	 0	 1	 0	 1	 1	 0	 0	 已等待时间x是 0	 0	 0	 2	 0	 0	 0	 0	 0	 0	 0	 0	 已耗费时间g为 8	 标识来源于M571	 激发的变迁	 5	 它不是终止标识 NO 它不是重复标识
m739的标识是 0	 0	 0	 1	 0	 0	 0	 1	 2	 0	 0	 0	 已等待时间x是 0	 0	 0	 0	 0	 0	 0	 0	 0	 0	 0	 0	 已耗费时间g为 9	 标识来源于M572	 激发的变迁	 6	 它不是终止标识 NO 它不是重复标识
m741的标识是 0	 1	 0	 0	 0	 0	 0	 0	 2	 1	 1	 1	 已等待时间x是 0	 0	 0	 0	 0	 0	 0	 0	 0	 0	 0	 0	 已耗费时间g为11	 标识来源于M573	 激发的变迁	 8	 它不是终止标识 NO 它不是重复标识
m743的标识是 0	 0	 0	 1	 0	 0	 1	 0	 1	 1	 0	 0	 已等待时间x是 0	 0	 0	 0	 0	 0	 0	 0	 0	 0	 0	 0	 已耗费时间g为 8	 标识来源于M574	 激发的变迁	 5	 它不是终止标识 NO 它不是重复标识
m748的标识是 0	 0	 0	 1	 0	 0	 0	 1	 2	 0	 0	 0	 已等待时间x是 0	 0	 0	 1	 0	 0	 0	 0	 0	 0	 0	 0	 已耗费时间g为 7	 标识来源于M577	 激发的变迁	 6	 它不是终止标识 NO 它不是重复标识
m750的标识是 0	 0	 0	 1	 0	 0	 0	 1	 2	 0	 0	 0	 已等待时间x是 0	 0	 0	 5	 0	 0	 0	 0	 0	 0	 0	 0	 已耗费时间g为 9	 标识来源于M579	 激发的变迁	 6	 它不是终止标识 NO 它不是重复标识
m752的标识是 0	 0	 0	 1	 0	 0	 1	 0	 1	 1	 0	 0	 已等待时间x是 0	 0	 0	 4	 0	 0	 0	 0	 0	 0	 0	 0	 已耗费时间g为 8	 标识来源于M581	 激发的变迁	 5	 它不是终止标识 NO 它不是重复标识
m755的标识是 0	 0	 0	 0	 2	 0	 0	 0	 0	 2	 1	 1	 已等待时间x是 0	 0	 0	 0	 0	 0	 0	 0	 0	 0	 0	 0	 已耗费时间g为 9	 标识来源于M585	 激发的变迁	 8	 它不是终止标识 NO 它不是重复标识
m758的标识是 0	 0	 0	 1	 0	 0	 1	 0	 1	 1	 0	 0	 已等待时间x是 0	 0	 0	 3	 0	 0	 0	 0	 0	 0	 0	 0	 已耗费时间g为 8	 标识来源于M587	 激发的变迁	 5	 它不是终止标识 NO 它不是重复标识
m760的标识是 0	 0	 1	 0	 0	 0	 0	 1	 1	 1	 0	 0	 已等待时间x是 0	 0	 5	 0	 0	 0	 0	 0	 0	 0	 0	 0	 已耗费时间g为10	 标识来源于M589	 激发的变迁	 6	 它不是终止标识 NO 它不是重复标识
m762的标识是 0	 0	 1	 0	 0	 0	 1	 0	 0	 2	 0	 0	 已等待时间x是 0	 0	 4	 0	 0	 0	 0	 0	 0	 0	 0	 0	 已耗费时间g为 9	 标识来源于M593	 激发的变迁	 5	 它不是终止标识 NO 它不是重复标识
m765的标识是 0	 0	 1	 0	 0	 0	 0	 1	 1	 1	 0	 0	 已等待时间x是 0	 0	 2	 0	 0	 0	 0	 0	 0	 0	 0	 0	 已耗费时间g为10	 标识来源于M595	 激发的变迁	 6	 它不是终止标识 NO 它不是重复标识
m767的标识是 0	 0	 1	 0	 0	 0	 0	 1	 1	 1	 0	 0	 已等待时间x是 0	 0	 0	 0	 0	 0	 0	 0	 0	 0	 0	 0	 已耗费时间g为10	 标识来源于M596	 激发的变迁	 6	 它不是终止标识 NO 它不是重复标识
m769的标识是 1	 0	 0	 0	 0	 0	 0	 0	 1	 2	 1	 1	 已等待时间x是 0	 0	 0	 0	 0	 0	 0	 0	 0	 0	 0	 0	 已耗费时间g为12	 标识来源于M597	 激发的变迁	 8	 它不是终止标识 NO 它不是重复标识
m772的标识是 0	 0	 1	 0	 0	 0	 0	 1	 1	 1	 0	 0	 已等待时间x是 0	 0	 3	 0	 0	 0	 0	 0	 0	 0	 0	 0	 已耗费时间g为10	 标识来源于M599	 激发的变迁	 6	 它不是终止标识 NO 它不是重复标识
m775的标识是 0	 0	 1	 0	 0	 0	 1	 0	 0	 2	 0	 0	 已等待时间x是 0	 0	 2	 0	 0	 0	 0	 0	 0	 0	 0	 0	 已耗费时间g为 9	 标识来源于M601	 激发的变迁	 5	 它不是终止标识 NO 它不是重复标识
m777的标识是 0	 0	 1	 0	 0	 0	 1	 0	 0	 2	 0	 0	 已等待时间x是 0	 0	 0	 0	 0	 0	 0	 0	 0	 0	 0	 0	 已耗费时间g为 9	 标识来源于M602	 激发的变迁	 5	 它不是终止标识 NO 它不是重复标识
m781的标识是 0	 0	 1	 0	 0	 0	 0	 1	 1	 1	 0	 0	 已等待时间x是 0	 0	 3	 0	 0	 0	 0	 0	 0	 0	 0	 0	 已耗费时间g为 8	 标识来源于M605	 激发的变迁	 6	 它不是终止标识 NO 它不是重复标识
m784的标识是 0	 0	 1	 0	 0	 0	 0	 1	 1	 1	 0	 0	 已等待时间x是 0	 0	 2	 0	 0	 0	 0	 0	 0	 0	 0	 0	 已耗费时间g为 8	 标识来源于M607	 激发的变迁	 6	 它不是终止标识 NO 它不是重复标识
m786的标识是 0	 0	 1	 0	 0	 0	 0	 1	 1	 1	 0	 0	 已等待时间x是 0	 0	 0	 0	 0	 0	 0	 0	 0	 0	 0	 0	 已耗费时间g为 8	 标识来源于M608	 激发的变迁	 6	 它不是终止标识 NO 它不是重复标识
m788的标识是 1	 0	 0	 0	 0	 0	 0	 0	 1	 2	 1	 1	 已等待时间x是 0	 0	 0	 0	 0	 0	 0	 0	 0	 0	 0	 0	 已耗费时间g为10	 标识来源于M609	 激发的变迁	 8	 它不是终止标识 NO 它不是重复标识
m789的标识是 0	 0	 0	 0	 2	 0	 0	 0	 0	 2	 1	 1	 已等待时间x是 0	 0	 0	 0	 0	 0	 0	 0	 0	 0	 0	 0	 已耗费时间g为 7	 标识来源于M612	 激发的变迁	 8	 它不是终止标识 NO 它不是重复标识
m791的标识是 0	 0	 1	 0	 0	 0	 1	 0	 0	 2	 0	 0	 已等待时间x是 0	 0	 2	 0	 0	 0	 0	 0	 0	 0	 0	 0	 已耗费时间g为 7	 标识来源于M613	 激发的变迁	 5	 它不是终止标识 NO 它不是重复标识
m793的标识是 0	 0	 1	 0	 0	 0	 1	 0	 0	 2	 0	 0	 已等待时间x是 0	 0	 0	 0	 0	 0	 0	 0	 0	 0	 0	 0	 已耗费时间g为 7	 标识来源于M614	 激发的变迁	 5	 它不是终止标识 NO 它不是重复标识
m798的标识是 0	 0	 0	 1	 0	 0	 1	 0	 1	 1	 0	 0	 已等待时间x是 0	 0	 0	 1	 0	 0	 0	 0	 0	 0	 0	 0	 已耗费时间g为 8	 标识来源于M617	 激发的变迁	 5	 它不是终止标识 NO 它不是重复标识
m801的标识是 0	 0	 1	 0	 0	 0	 0	 1	 1	 1	 0	 0	 已等待时间x是 0	 0	 1	 0	 0	 0	 0	 0	 0	 0	 0	 0	 已耗费时间g为 8	 标识来源于M623	 激发的变迁	 6	 它不是终止标识 NO 它不是重复标识
m803的标识是 0	 0	 1	 0	 0	 0	 0	 1	 1	 1	 0	 0	 已等待时间x是 0	 0	 2	 0	 0	 0	 0	 0	 0	 0	 0	 0	 已耗费时间g为 7	 标识来源于M625	 激发的变迁	 6	 它不是终止标识 NO 它不是重复标识
m805的标识是 0	 0	 1	 0	 0	 0	 0	 1	 1	 1	 0	 0	 已等待时间x是 0	 0	 0	 0	 0	 0	 0	 0	 0	 0	 0	 0	 已耗费时间g为 7	 标识来源于M626	 激发的变迁	 6	 它不是终止标识 NO 它不是重复标识
m807的标识是 1	 0	 0	 0	 0	 0	 0	 0	 1	 2	 1	 1	 已等待时间x是 0	 0	 0	 0	 0	 0	 0	 0	 0	 0	 0	 0	 已耗费时间g为 9	 标识来源于M627	 激发的变迁	 8	 它不是终止标识 NO 它不是重复标识
m809的标识是 0	 0	 1	 0	 0	 0	 0	 1	 1	 1	 0	 0	 已等待时间x是 0	 0	 1	 0	 0	 0	 0	 0	 0	 0	 0	 0	 已耗费时间g为 6	 标识来源于M629	 激发的变迁	 6	 它不是终止标识 NO 它不是重复标识
m811的标识是 0	 0	 1	 0	 0	 0	 0	 1	 1	 1	 0	 0	 已等待时间x是 0	 0	 0	 0	 0	 0	 0	 0	 0	 0	 0	 0	 已耗费时间g为 6	 标识来源于M630	 激发的变迁	 6	 它不是终止标识 NO 它不是重复标识
m813的标识是 1	 0	 0	 0	 0	 0	 0	 0	 1	 2	 1	 1	 已等待时间x是 0	 0	 0	 0	 0	 0	 0	 0	 0	 0	 0	 0	 已耗费时间g为 8	 标识来源于M631	 激发的变迁	 8	 它不是终止标识 NO 它不是重复标识
m816的标识是 0	 0	 0	 1	 0	 0	 1	 0	 1	 1	 0	 0	 已等待时间x是 0	 0	 0	 1	 0	 0	 0	 0	 0	 0	 0	 0	 已耗费时间g为 6	 标识来源于M633	 激发的变迁	 5	 它不是终止标识 NO 它不是重复标识
m821的标识是 0	 0	 1	 0	 0	 0	 0	 1	 1	 1	 0	 0	 已等待时间x是 0	 0	 3	 0	 0	 0	 0	 0	 0	 0	 0	 0	 已耗费时间g为 9	 标识来源于M643	 激发的变迁	 6	 它不是终止标识 NO 它不是重复标识
m824的标识是 0	 0	 1	 0	 0	 0	 1	 0	 0	 2	 0	 0	 已等待时间x是 0	 0	 2	 0	 0	 0	 0	 0	 0	 0	 0	 0	 已耗费时间g为 8	 标识来源于M645	 激发的变迁	 5	 它不是终止标识 NO 它不是重复标识
m826的标识是 0	 0	 1	 0	 0	 0	 0	 1	 1	 1	 0	 0	 已等待时间x是 0	 0	 0	 0	 0	 0	 0	 0	 0	 0	 0	 0	 已耗费时间g为 9	 标识来源于M646	 激发的变迁	 6	 它不是终止标识 NO 它不是重复标识
m828的标识是 1	 0	 0	 0	 0	 0	 0	 0	 1	 2	 1	 1	 已等待时间x是 0	 0	 0	 0	 0	 0	 0	 0	 0	 0	 0	 0	 已耗费时间g为11	 标识来源于M647	 激发的变迁	 8	 它不是终止标识 NO 它不是重复标识
m830的标识是 0	 0	 1	 0	 0	 0	 1	 0	 0	 2	 0	 0	 已等待时间x是 0	 0	 0	 0	 0	 0	 0	 0	 0	 0	 0	 0	 已耗费时间g为 8	 标识来源于M648	 激发的变迁	 5	 它不是终止标识 NO 它不是重复标识
m834的标识是 0	 0	 1	 0	 0	 0	 0	 1	 1	 1	 0	 0	 已等待时间x是 0	 0	 1	 0	 0	 0	 0	 0	 0	 0	 0	 0	 已耗费时间g为 7	 标识来源于M651	 激发的变迁	 6	 它不是终止标识 NO 它不是重复标识
m836的标识是 0	 0	 1	 0	 0	 0	 0	 1	 1	 1	 0	 0	 已等待时间x是 0	 0	 4	 0	 0	 0	 0	 0	 0	 0	 0	 0	 已耗费时间g为 9	 标识来源于M653	 激发的变迁	 6	 它不是终止标识 NO 它不是重复标识
m838的标识是 0	 0	 1	 0	 0	 0	 1	 0	 0	 2	 0	 0	 已等待时间x是 0	 0	 3	 0	 0	 0	 0	 0	 0	 0	 0	 0	 已耗费时间g为 8	 标识来源于M655	 激发的变迁	 5	 它不是终止标识 NO 它不是重复标识
m841的标识是 0	 0	 1	 0	 0	 0	 1	 0	 0	 2	 0	 0	 已等待时间x是 0	 0	 1	 0	 0	 0	 0	 0	 0	 0	 0	 0	 已耗费时间g为 8	 标识来源于M657	 激发的变迁	 5	 它不是终止标识 NO 它不是重复标识
m842的标识是 0	 0	 0	 0	 2	 0	 0	 0	 0	 2	 1	 1	 已等待时间x是 0	 0	 0	 0	 0	 0	 0	 0	 0	 0	 0	 0	 已耗费时间g为 6	 标识来源于M658	 激发的变迁	 8	 它不是终止标识 NO 它不是重复标识
m844的标识是 0	 0	 1	 0	 0	 0	 1	 0	 0	 2	 0	 0	 已等待时间x是 0	 0	 1	 0	 0	 0	 0	 0	 0	 0	 0	 0	 已耗费时间g为 6	 标识来源于M659	 激发的变迁	 5	 它不是终止标识 NO 它不是重复标识
m846的标识是 0	 0	 1	 0	 0	 0	 1	 0	 0	 2	 0	 0	 已等待时间x是 0	 0	 0	 0	 0	 0	 0	 0	 0	 0	 0	 0	 已耗费时间g为 6	 标识来源于M660	 激发的变迁	 5	 它不是终止标识 NO 它不是重复标识
m849的标识是 0	 0	 0	 0	 0	 1	 0	 1	 2	 0	 1	 0	 已等待时间x是 0	 0	 0	 0	 0	 0	 0	 0	 0	 0	 0	 0	 已耗费时间g为12	 标识来源于M662	 激发的变迁	 6	 它不是终止标识 NO 它不是重复标识
m850的标识是 0	 0	 0	 0	 0	 1	 1	 0	 1	 1	 1	 0	 已等待时间x是 0	 0	 0	 0	 0	 0	 0	 0	 0	 0	 0	 0	 已耗费时间g为11	 标识来源于M663	 激发的变迁	 5	 它不是终止标识 NO 它不是重复标识
m851的标识是 0	 0	 0	 0	 1	 0	 0	 1	 1	 1	 1	 0	 已等待时间x是 0	 0	 0	 0	 0	 0	 0	 0	 0	 0	 0	 0	 已耗费时间g为11	 标识来源于M663	 激发的变迁	 6	 它不是终止标识 NO 它不是重复标识
m852的标识是 0	 0	 0	 0	 1	 0	 1	 0	 0	 2	 1	 0	 已等待时间x是 0	 0	 0	 0	 0	 0	 0	 0	 0	 0	 0	 0	 已耗费时间g为10	 标识来源于M665	 激发的变迁	 5	 它不是终止标识 NO 它不是重复标识
m853的标识是 0	 0	 0	 0	 0	 1	 0	 1	 2	 0	 1	 0	 已等待时间x是 0	 0	 0	 0	 0	 0	 0	 0	 0	 0	 0	 0	 已耗费时间g为10	 标识来源于M666	 激发的变迁	 6	 它不是终止标识 NO 它不是重复标识
m854的标识是 0	 0	 0	 0	 0	 1	 1	 0	 1	 1	 1	 0	 已等待时间x是 0	 0	 0	 0	 0	 0	 0	 0	 0	 0	 0	 0	 已耗费时间g为 9	 标识来源于M667	 激发的变迁	 5	 它不是终止标识 NO 它不是重复标识
m855的标识是 0	 0	 0	 0	 1	 0	 0	 1	 1	 1	 1	 0	 已等待时间x是 0	 0	 0	 0	 0	 0	 0	 0	 0	 0	 0	 0	 已耗费时间g为 9	 标识来源于M667	 激发的变迁	 6	 它不是终止标识 NO 它不是重复标识
m857的标识是 0	 0	 0	 1	 0	 0	 0	 0	 2	 1	 0	 1	 已等待时间x是 0	 0	 0	 8	 0	 0	 0	 0	 0	 0	 0	 0	 已耗费时间g为12	 标识来源于M669	 激发的变迁	 8	 它不是终止标识 NO 它不是重复标识
m860的标识是 0	 0	 0	 0	 1	 0	 1	 0	 0	 2	 1	 0	 已等待时间x是 0	 0	 0	 0	 0	 0	 0	 0	 0	 0	 0	 0	 已耗费时间g为 8	 标识来源于M673	 激发的变迁	 5	 它不是终止标识 NO 它不是重复标识
m862的标识是 0	 0	 0	 1	 0	 0	 0	 0	 2	 1	 0	 1	 已等待时间x是 0	 0	 0	 5	 0	 0	 0	 0	 0	 0	 0	 0	 已耗费时间g为12	 标识来源于M676	 激发的变迁	 8	 它不是终止标识 NO 它不是重复标识
m865的标识是 0	 0	 0	 0	 0	 1	 0	 1	 2	 0	 1	 0	 已等待时间x是 0	 0	 0	 0	 0	 0	 0	 2	 0	 0	 0	 0	 已耗费时间g为12	 标识来源于M681	 激发的变迁	 4	 它不是终止标识 NO 它不是重复标识
m866的标识是 0	 0	 0	 1	 0	 0	 0	 0	 2	 1	 0	 1	 已等待时间x是 0	 0	 0	 2	 0	 0	 0	 0	 0	 0	 0	 0	 已耗费时间g为12	 标识来源于M681	 激发的变迁	 8	 它不是终止标识 NO 它不是重复标识
m867的标识是 0	 0	 0	 1	 0	 0	 0	 0	 2	 1	 0	 1	 已等待时间x是 0	 0	 0	 0	 0	 0	 0	 0	 0	 0	 0	 0	 已耗费时间g为12	 标识来源于M683	 激发的变迁	 2	 它不是终止标识 NO 它不是重复标识
m868的标识是 0	 0	 0	 0	 0	 1	 1	 0	 1	 1	 1	 0	 已等待时间x是 0	 0	 0	 0	 0	 0	 2	 0	 0	 0	 0	 0	 已耗费时间g为11	 标识来源于M685	 激发的变迁	 4	 它不是终止标识 NO 它不是重复标识
m869的标识是 0	 0	 0	 1	 0	 0	 0	 0	 2	 1	 0	 1	 已等待时间x是 0	 0	 0	 3	 0	 0	 0	 0	 0	 0	 0	 0	 已耗费时间g为12	 标识来源于M685	 激发的变迁	 7	 它不是终止标识 NO 它不是重复标识
m871的标识是 0	 0	 0	 1	 0	 0	 0	 0	 2	 1	 0	 1	 已等待时间x是 0	 0	 0	 6	 0	 0	 0	 0	 0	 0	 0	 0	 已耗费时间g为12	 标识来源于M690	 激发的变迁	 7	 它不是终止标识 NO 它不是重复标识
m872的标识是 0	 0	 0	 0	 0	 1	 0	 1	 2	 0	 1	 0	 已等待时间x是 0	 0	 0	 0	 0	 0	 0	 0	 0	 0	 0	 0	 已耗费时间g为 9	 标识来源于M691	 激发的变迁	 6	 它不是终止标识 NO 它不是重复标识
m873的标识是 0	 0	 0	 0	 0	 1	 1	 0	 1	 1	 1	 0	 已等待时间x是 0	 0	 0	 0	 0	 0	 0	 0	 0	 0	 0	 0	 已耗费时间g为 8	 标识来源于M692	 激发的变迁	 5	 它不是终止标识 NO 它不是重复标识
m874的标识是 0	 0	 0	 0	 1	 0	 0	 1	 1	 1	 1	 0	 已等待时间x是 0	 0	 0	 0	 0	 0	 0	 0	 0	 0	 0	 0	 已耗费时间g为 8	 标识来源于M692	 激发的变迁	 6	 它不是终止标识 NO 它不是重复标识
m875的标识是 0	 0	 0	 0	 0	 1	 0	 1	 2	 0	 1	 0	 已等待时间x是 0	 0	 0	 0	 0	 0	 0	 0	 0	 0	 0	 0	 已耗费时间g为 8	 标识来源于M693	 激发的变迁	 6	 它不是终止标识 NO 它不是重复标识
m877的标识是 0	 0	 0	 1	 0	 0	 0	 0	 2	 1	 0	 1	 已等待时间x是 0	 0	 0	 6	 0	 0	 0	 0	 0	 0	 0	 0	 已耗费时间g为10	 标识来源于M695	 激发的变迁	 8	 它不是终止标识 NO 它不是重复标识
m878的标识是 0	 0	 0	 0	 0	 1	 1	 0	 1	 1	 1	 0	 已等待时间x是 0	 0	 0	 0	 0	 0	 0	 0	 0	 0	 0	 0	 已耗费时间g为 7	 标识来源于M696	 激发的变迁	 5	 它不是终止标识 NO 它不是重复标识
m879的标识是 0	 0	 0	 0	 1	 0	 0	 1	 1	 1	 1	 0	 已等待时间x是 0	 0	 0	 0	 0	 0	 0	 0	 0	 0	 0	 0	 已耗费时间g为 7	 标识来源于M696	 激发的变迁	 6	 它不是终止标识 NO 它不是重复标识
m883的标识是 0	 0	 0	 1	 0	 0	 0	 0	 2	 1	 0	 1	 已等待时间x是 0	 0	 0	 5	 0	 0	 0	 0	 0	 0	 0	 0	 已耗费时间g为10	 标识来源于M701	 激发的变迁	 8	 它不是终止标识 NO 它不是重复标识
m886的标识是 0	 0	 0	 0	 0	 1	 0	 1	 2	 0	 1	 0	 已等待时间x是 0	 0	 0	 0	 0	 0	 0	 2	 0	 0	 0	 0	 已耗费时间g为10	 标识来源于M706	 激发的变迁	 4	 它不是终止标识 NO 它不是重复标识
m887的标识是 0	 0	 0	 1	 0	 0	 0	 0	 2	 1	 0	 1	 已等待时间x是 0	 0	 0	 2	 0	 0	 0	 0	 0	 0	 0	 0	 已耗费时间g为10	 标识来源于M706	 激发的变迁	 8	 它不是终止标识 NO 它不是重复标识
m888的标识是 0	 0	 0	 1	 0	 0	 0	 0	 2	 1	 0	 1	 已等待时间x是 0	 0	 0	 0	 0	 0	 0	 0	 0	 0	 0	 0	 已耗费时间g为10	 标识来源于M708	 激发的变迁	 2	 它不是终止标识 NO 它不是重复标识
m889的标识是 0	 0	 0	 0	 0	 1	 1	 0	 1	 1	 1	 0	 已等待时间x是 0	 0	 0	 0	 0	 0	 2	 0	 0	 0	 0	 0	 已耗费时间g为 9	 标识来源于M710	 激发的变迁	 4	 它不是终止标识 NO 它不是重复标识
m890的标识是 0	 0	 0	 1	 0	 0	 0	 0	 2	 1	 0	 1	 已等待时间x是 0	 0	 0	 3	 0	 0	 0	 0	 0	 0	 0	 0	 已耗费时间g为10	 标识来源于M710	 激发的变迁	 7	 它不是终止标识 NO 它不是重复标识
m891的标识是 0	 0	 0	 0	 0	 1	 0	 1	 2	 0	 1	 0	 已等待时间x是 0	 0	 0	 0	 0	 0	 0	 1	 0	 0	 0	 0	 已耗费时间g为 9	 标识来源于M715	 激发的变迁	 4	 它不是终止标识 NO 它不是重复标识
m893的标识是 0	 0	 0	 0	 0	 1	 0	 1	 2	 0	 1	 0	 已等待时间x是 0	 0	 0	 0	 0	 0	 0	 0	 0	 0	 0	 0	 已耗费时间g为 7	 标识来源于M716	 激发的变迁	 6	 它不是终止标识 NO 它不是重复标识
m895的标识是 0	 0	 0	 1	 0	 0	 0	 0	 2	 1	 0	 1	 已等待时间x是 0	 0	 0	 5	 0	 0	 0	 0	 0	 0	 0	 0	 已耗费时间g为 9	 标识来源于M718	 激发的变迁	 8	 它不是终止标识 NO 它不是重复标识
m896的标识是 0	 0	 0	 0	 0	 1	 1	 0	 1	 1	 1	 0	 已等待时间x是 0	 0	 0	 0	 0	 0	 0	 0	 0	 0	 0	 0	 已耗费时间g为 6	 标识来源于M719	 激发的变迁	 5	 它不是终止标识 NO 它不是重复标识
m897的标识是 0	 0	 0	 0	 1	 0	 0	 1	 1	 1	 1	 0	 已等待时间x是 0	 0	 0	 0	 0	 0	 0	 0	 0	 0	 0	 0	 已耗费时间g为 6	 标识来源于M719	 激发的变迁	 6	 它不是终止标识 NO 它不是重复标识
m900的标识是 0	 0	 0	 0	 0	 1	 0	 1	 2	 0	 1	 0	 已等待时间x是 0	 0	 0	 0	 0	 0	 0	 2	 0	 0	 0	 0	 已耗费时间g为 9	 标识来源于M723	 激发的变迁	 4	 它不是终止标识 NO 它不是重复标识
m901的标识是 0	 0	 0	 1	 0	 0	 0	 0	 2	 1	 0	 1	 已等待时间x是 0	 0	 0	 2	 0	 0	 0	 0	 0	 0	 0	 0	 已耗费时间g为 9	 标识来源于M723	 激发的变迁	 8	 它不是终止标识 NO 它不是重复标识
m902的标识是 0	 0	 0	 1	 0	 0	 0	 0	 2	 1	 0	 1	 已等待时间x是 0	 0	 0	 0	 0	 0	 0	 0	 0	 0	 0	 0	 已耗费时间g为 9	 标识来源于M725	 激发的变迁	 2	 它不是终止标识 NO 它不是重复标识
m903的标识是 0	 0	 0	 0	 0	 1	 1	 0	 1	 1	 1	 0	 已等待时间x是 0	 0	 0	 0	 0	 0	 2	 0	 0	 0	 0	 0	 已耗费时间g为 8	 标识来源于M727	 激发的变迁	 4	 它不是终止标识 NO 它不是重复标识
m904的标识是 0	 0	 0	 1	 0	 0	 0	 0	 2	 1	 0	 1	 已等待时间x是 0	 0	 0	 3	 0	 0	 0	 0	 0	 0	 0	 0	 已耗费时间g为 9	 标识来源于M727	 激发的变迁	 7	 它不是终止标识 NO 它不是重复标识
m905的标识是 0	 0	 0	 0	 0	 1	 0	 1	 2	 0	 1	 0	 已等待时间x是 0	 0	 0	 0	 0	 0	 0	 0	 0	 0	 0	 0	 已耗费时间g为11	 标识来源于M730	 激发的变迁	 6	 它不是终止标识 NO 它不是重复标识
m906的标识是 0	 0	 0	 0	 0	 1	 1	 0	 1	 1	 1	 0	 已等待时间x是 0	 0	 0	 0	 0	 0	 0	 0	 0	 0	 0	 0	 已耗费时间g为10	 标识来源于M731	 激发的变迁	 5	 它不是终止标识 NO 它不是重复标识
m907的标识是 0	 0	 0	 0	 1	 0	 0	 1	 1	 1	 1	 0	 已等待时间x是 0	 0	 0	 0	 0	 0	 0	 0	 0	 0	 0	 0	 已耗费时间g为10	 标识来源于M731	 激发的变迁	 6	 它不是终止标识 NO 它不是重复标识
m909的标识是 0	 0	 0	 1	 0	 0	 0	 0	 2	 1	 0	 1	 已等待时间x是 0	 0	 0	 5	 0	 0	 0	 0	 0	 0	 0	 0	 已耗费时间g为11	 标识来源于M734	 激发的变迁	 8	 它不是终止标识 NO 它不是重复标识
m912的标识是 0	 0	 0	 0	 0	 1	 0	 1	 2	 0	 1	 0	 已等待时间x是 0	 0	 0	 0	 0	 0	 0	 2	 0	 0	 0	 0	 已耗费时间g为11	 标识来源于M739	 激发的变迁	 4	 它不是终止标识 NO 它不是重复标识
m913的标识是 0	 0	 0	 1	 0	 0	 0	 0	 2	 1	 0	 1	 已等待时间x是 0	 0	 0	 2	 0	 0	 0	 0	 0	 0	 0	 0	 已耗费时间g为11	 标识来源于M739	 激发的变迁	 8	 它不是终止标识 NO 它不是重复标识
m914的标识是 0	 0	 0	 1	 0	 0	 0	 0	 2	 1	 0	 1	 已等待时间x是 0	 0	 0	 0	 0	 0	 0	 0	 0	 0	 0	 0	 已耗费时间g为11	 标识来源于M741	 激发的变迁	 2	 它不是终止标识 NO 它不是重复标识
m915的标识是 0	 0	 0	 0	 0	 1	 1	 0	 1	 1	 1	 0	 已等待时间x是 0	 0	 0	 0	 0	 0	 2	 0	 0	 0	 0	 0	 已耗费时间g为10	 标识来源于M743	 激发的变迁	 4	 它不是终止标识 NO 它不是重复标识
m916的标识是 0	 0	 0	 1	 0	 0	 0	 0	 2	 1	 0	 1	 已等待时间x是 0	 0	 0	 3	 0	 0	 0	 0	 0	 0	 0	 0	 已耗费时间g为11	 标识来源于M743	 激发的变迁	 7	 它不是终止标识 NO 它不是重复标识
m917的标识是 0	 0	 0	 0	 0	 1	 0	 1	 2	 0	 1	 0	 已等待时间x是 0	 0	 0	 0	 0	 0	 0	 1	 0	 0	 0	 0	 已耗费时间g为 8	 标识来源于M748	 激发的变迁	 4	 它不是终止标识 NO 它不是重复标识
m920的标识是 0	 0	 0	 1	 0	 0	 0	 0	 2	 1	 0	 1	 已等待时间x是 0	 0	 0	 7	 0	 0	 0	 0	 0	 0	 0	 0	 已耗费时间g为11	 标识来源于M750	 激发的变迁	 8	 它不是终止标识 NO 它不是重复标识
m923的标识是 0	 0	 0	 0	 1	 0	 1	 0	 0	 2	 1	 0	 已等待时间x是 0	 0	 0	 0	 0	 0	 0	 0	 0	 0	 0	 0	 已耗费时间g为 9	 标识来源于M755	 激发的变迁	 5	 它不是终止标识 NO 它不是重复标识
m925的标识是 0	 0	 0	 1	 0	 0	 0	 0	 2	 1	 0	 1	 已等待时间x是 0	 0	 0	 6	 0	 0	 0	 0	 0	 0	 0	 0	 已耗费时间g为11	 标识来源于M758	 激发的变迁	 7	 它不是终止标识 NO 它不是重复标识
m927的标识是 0	 0	 1	 0	 0	 0	 0	 0	 1	 2	 0	 1	 已等待时间x是 0	 0	 7	 0	 0	 0	 0	 0	 0	 0	 0	 0	 已耗费时间g为12	 标识来源于M760	 激发的变迁	 8	 它不是终止标识 NO 它不是重复标识
m931的标识是 0	 0	 1	 0	 0	 0	 0	 0	 1	 2	 0	 1	 已等待时间x是 0	 0	 4	 0	 0	 0	 0	 0	 0	 0	 0	 0	 已耗费时间g为12	 标识来源于M765	 激发的变迁	 8	 它不是终止标识 NO 它不是重复标识
m932的标识是 0	 0	 0	 0	 1	 0	 0	 1	 1	 1	 1	 0	 已等待时间x是 0	 0	 0	 0	 0	 0	 0	 1	 0	 0	 0	 0	 已耗费时间g为11	 标识来源于M767	 激发的变迁	 3	 它不是终止标识 NO 它不是重复标识
m933的标识是 0	 0	 1	 0	 0	 0	 0	 0	 1	 2	 0	 1	 已等待时间x是 0	 0	 2	 0	 0	 0	 0	 0	 0	 0	 0	 0	 已耗费时间g为12	 标识来源于M767	 激发的变迁	 8	 它不是终止标识 NO 它不是重复标识
m934的标识是 0	 0	 1	 0	 0	 0	 0	 0	 1	 2	 0	 1	 已等待时间x是 0	 0	 0	 0	 0	 0	 0	 0	 0	 0	 0	 0	 已耗费时间g为12	 标识来源于M769	 激发的变迁	 1	 它不是终止标识 NO 它不是重复标识
m936的标识是 0	 0	 1	 0	 0	 0	 0	 0	 1	 2	 0	 1	 已等待时间x是 0	 0	 5	 0	 0	 0	 0	 0	 0	 0	 0	 0	 已耗费时间g为12	 标识来源于M772	 激发的变迁	 8	 它不是终止标识 NO 它不是重复标识
m939的标识是 0	 0	 0	 0	 1	 0	 1	 0	 0	 2	 1	 0	 已等待时间x是 0	 0	 0	 0	 0	 0	 1	 0	 0	 0	 0	 0	 已耗费时间g为10	 标识来源于M777	 激发的变迁	 3	 它不是终止标识 NO 它不是重复标识
m940的标识是 0	 0	 1	 0	 0	 0	 0	 0	 1	 2	 0	 1	 已等待时间x是 0	 0	 3	 0	 0	 0	 0	 0	 0	 0	 0	 0	 已耗费时间g为12	 标识来源于M777	 激发的变迁	 7	 它不是终止标识 NO 它不是重复标识
m942的标识是 0	 0	 1	 0	 0	 0	 0	 0	 1	 2	 0	 1	 已等待时间x是 0	 0	 5	 0	 0	 0	 0	 0	 0	 0	 0	 0	 已耗费时间g为10	 标识来源于M781	 激发的变迁	 8	 它不是终止标识 NO 它不是重复标识
m944的标识是 0	 0	 1	 0	 0	 0	 0	 0	 1	 2	 0	 1	 已等待时间x是 0	 0	 4	 0	 0	 0	 0	 0	 0	 0	 0	 0	 已耗费时间g为10	 标识来源于M784	 激发的变迁	 8	 它不是终止标识 NO 它不是重复标识
m945的标识是 0	 0	 0	 0	 1	 0	 0	 1	 1	 1	 1	 0	 已等待时间x是 0	 0	 0	 0	 0	 0	 0	 1	 0	 0	 0	 0	 已耗费时间g为 9	 标识来源于M786	 激发的变迁	 3	 它不是终止标识 NO 它不是重复标识
m946的标识是 0	 0	 1	 0	 0	 0	 0	 0	 1	 2	 0	 1	 已等待时间x是 0	 0	 2	 0	 0	 0	 0	 0	 0	 0	 0	 0	 已耗费时间g为10	 标识来源于M786	 激发的变迁	 8	 它不是终止标识 NO 它不是重复标识
m947的标识是 0	 0	 1	 0	 0	 0	 0	 0	 1	 2	 0	 1	 已等待时间x是 0	 0	 0	 0	 0	 0	 0	 0	 0	 0	 0	 0	 已耗费时间g为10	 标识来源于M788	 激发的变迁	 1	 它不是终止标识 NO 它不是重复标识
m948的标识是 0	 0	 0	 0	 1	 0	 1	 0	 0	 2	 1	 0	 已等待时间x是 0	 0	 0	 0	 0	 0	 0	 0	 0	 0	 0	 0	 已耗费时间g为 7	 标识来源于M789	 激发的变迁	 5	 它不是终止标识 NO 它不是重复标识
m951的标识是 0	 0	 0	 0	 1	 0	 1	 0	 0	 2	 1	 0	 已等待时间x是 0	 0	 0	 0	 0	 0	 1	 0	 0	 0	 0	 0	 已耗费时间g为 8	 标识来源于M793	 激发的变迁	 3	 它不是终止标识 NO 它不是重复标识
m952的标识是 0	 0	 1	 0	 0	 0	 0	 0	 1	 2	 0	 1	 已等待时间x是 0	 0	 3	 0	 0	 0	 0	 0	 0	 0	 0	 0	 已耗费时间g为10	 标识来源于M793	 激发的变迁	 7	 它不是终止标识 NO 它不是重复标识
m953的标识是 0	 0	 0	 0	 0	 1	 1	 0	 1	 1	 1	 0	 已等待时间x是 0	 0	 0	 0	 0	 0	 1	 0	 0	 0	 0	 0	 已耗费时间g为 9	 标识来源于M798	 激发的变迁	 4	 它不是终止标识 NO 它不是重复标识
m954的标识是 0	 0	 0	 1	 0	 0	 0	 0	 2	 1	 0	 1	 已等待时间x是 0	 0	 0	 4	 0	 0	 0	 0	 0	 0	 0	 0	 已耗费时间g为11	 标识来源于M798	 激发的变迁	 7	 它不是终止标识 NO 它不是重复标识
m958的标识是 0	 0	 1	 0	 0	 0	 0	 0	 1	 2	 0	 1	 已等待时间x是 0	 0	 4	 0	 0	 0	 0	 0	 0	 0	 0	 0	 已耗费时间g为 9	 标识来源于M803	 激发的变迁	 8	 它不是终止标识 NO 它不是重复标识
m959的标识是 0	 0	 0	 0	 1	 0	 0	 1	 1	 1	 1	 0	 已等待时间x是 0	 0	 0	 0	 0	 0	 0	 1	 0	 0	 0	 0	 已耗费时间g为 8	 标识来源于M805	 激发的变迁	 3	 它不是终止标识 NO 它不是重复标识
m960的标识是 0	 0	 1	 0	 0	 0	 0	 0	 1	 2	 0	 1	 已等待时间x是 0	 0	 2	 0	 0	 0	 0	 0	 0	 0	 0	 0	 已耗费时间g为 9	 标识来源于M805	 激发的变迁	 8	 它不是终止标识 NO 它不是重复标识
m961的标识是 0	 0	 1	 0	 0	 0	 0	 0	 1	 2	 0	 1	 已等待时间x是 0	 0	 0	 0	 0	 0	 0	 0	 0	 0	 0	 0	 已耗费时间g为 9	 标识来源于M807	 激发的变迁	 1	 它不是终止标识 NO 它不是重复标识
m963的标识是 0	 0	 1	 0	 0	 0	 0	 0	 1	 2	 0	 1	 已等待时间x是 0	 0	 3	 0	 0	 0	 0	 0	 0	 0	 0	 0	 已耗费时间g为 8	 标识来源于M809	 激发的变迁	 8	 它不是终止标识 NO 它不是重复标识
m964的标识是 0	 0	 0	 0	 1	 0	 0	 1	 1	 1	 1	 0	 已等待时间x是 0	 0	 0	 0	 0	 0	 0	 1	 0	 0	 0	 0	 已耗费时间g为 7	 标识来源于M811	 激发的变迁	 3	 它不是终止标识 NO 它不是重复标识
m965的标识是 0	 0	 1	 0	 0	 0	 0	 0	 1	 2	 0	 1	 已等待时间x是 0	 0	 2	 0	 0	 0	 0	 0	 0	 0	 0	 0	 已耗费时间g为 8	 标识来源于M811	 激发的变迁	 8	 它不是终止标识 NO 它不是重复标识
m966的标识是 0	 0	 1	 0	 0	 0	 0	 0	 1	 2	 0	 1	 已等待时间x是 0	 0	 0	 0	 0	 0	 0	 0	 0	 0	 0	 0	 已耗费时间g为 8	 标识来源于M813	 激发的变迁	 1	 它不是终止标识 NO 它不是重复标识
m967的标识是 0	 0	 0	 0	 0	 1	 1	 0	 1	 1	 1	 0	 已等待时间x是 0	 0	 0	 0	 0	 0	 1	 0	 0	 0	 0	 0	 已耗费时间g为 7	 标识来源于M816	 激发的变迁	 4	 它不是终止标识 NO 它不是重复标识
m968的标识是 0	 0	 0	 1	 0	 0	 0	 0	 2	 1	 0	 1	 已等待时间x是 0	 0	 0	 4	 0	 0	 0	 0	 0	 0	 0	 0	 已耗费时间g为 9	 标识来源于M816	 激发的变迁	 7	 它不是终止标识 NO 它不是重复标识
m970的标识是 0	 0	 1	 0	 0	 0	 0	 0	 1	 2	 0	 1	 已等待时间x是 0	 0	 5	 0	 0	 0	 0	 0	 0	 0	 0	 0	 已耗费时间g为11	 标识来源于M821	 激发的变迁	 8	 它不是终止标识 NO 它不是重复标识
m973的标识是 0	 0	 0	 0	 1	 0	 0	 1	 1	 1	 1	 0	 已等待时间x是 0	 0	 0	 0	 0	 0	 0	 1	 0	 0	 0	 0	 已耗费时间g为10	 标识来源于M826	 激发的变迁	 3	 它不是终止标识 NO 它不是重复标识
m974的标识是 0	 0	 1	 0	 0	 0	 0	 0	 1	 2	 0	 1	 已等待时间x是 0	 0	 2	 0	 0	 0	 0	 0	 0	 0	 0	 0	 已耗费时间g为11	 标识来源于M826	 激发的变迁	 8	 它不是终止标识 NO 它不是重复标识
m975的标识是 0	 0	 1	 0	 0	 0	 0	 0	 1	 2	 0	 1	 已等待时间x是 0	 0	 0	 0	 0	 0	 0	 0	 0	 0	 0	 0	 已耗费时间g为11	 标识来源于M828	 激发的变迁	 1	 它不是终止标识 NO 它不是重复标识
m976的标识是 0	 0	 0	 0	 1	 0	 1	 0	 0	 2	 1	 0	 已等待时间x是 0	 0	 0	 0	 0	 0	 1	 0	 0	 0	 0	 0	 已耗费时间g为 9	 标识来源于M830	 激发的变迁	 3	 它不是终止标识 NO 它不是重复标识
m977的标识是 0	 0	 1	 0	 0	 0	 0	 0	 1	 2	 0	 1	 已等待时间x是 0	 0	 3	 0	 0	 0	 0	 0	 0	 0	 0	 0	 已耗费时间g为11	 标识来源于M830	 激发的变迁	 7	 它不是终止标识 NO 它不是重复标识
m979的标识是 0	 0	 1	 0	 0	 0	 0	 0	 1	 2	 0	 1	 已等待时间x是 0	 0	 3	 0	 0	 0	 0	 0	 0	 0	 0	 0	 已耗费时间g为 9	 标识来源于M834	 激发的变迁	 8	 它不是终止标识 NO 它不是重复标识
m981的标识是 0	 0	 1	 0	 0	 0	 0	 0	 1	 2	 0	 1	 已等待时间x是 0	 0	 6	 0	 0	 0	 0	 0	 0	 0	 0	 0	 已耗费时间g为11	 标识来源于M836	 激发的变迁	 8	 它不是终止标识 NO 它不是重复标识
m985的标识是 0	 0	 1	 0	 0	 0	 0	 0	 1	 2	 0	 1	 已等待时间x是 0	 0	 4	 0	 0	 0	 0	 0	 0	 0	 0	 0	 已耗费时间g为11	 标识来源于M841	 激发的变迁	 7	 它不是终止标识 NO 它不是重复标识
m986的标识是 0	 0	 0	 0	 1	 0	 1	 0	 0	 2	 1	 0	 已等待时间x是 0	 0	 0	 0	 0	 0	 0	 0	 0	 0	 0	 0	 已耗费时间g为 6	 标识来源于M842	 激发的变迁	 5	 它不是终止标识 NO 它不是重复标识
m989的标识是 0	 0	 0	 0	 1	 0	 1	 0	 0	 2	 1	 0	 已等待时间x是 0	 0	 0	 0	 0	 0	 1	 0	 0	 0	 0	 0	 已耗费时间g为 7	 标识来源于M846	 激发的变迁	 3	 它不是终止标识 NO 它不是重复标识
m991的标识是 0	 0	 0	 0	 0	 1	 0	 0	 2	 1	 1	 1	 已等待时间x是 0	 0	 0	 0	 0	 0	 0	 0	 0	 0	 0	 0	 已耗费时间g为14	 标识来源于M849	 激发的变迁	 8	 它不是终止标识 NO 它不是重复标识
m993的标识是 0	 0	 0	 0	 1	 0	 0	 0	 1	 2	 1	 1	 已等待时间x是 0	 0	 0	 0	 0	 0	 0	 0	 0	 0	 0	 0	 已耗费时间g为13	 标识来源于M851	 激发的变迁	 8	 它不是终止标识 NO 它不是重复标识
m995的标识是 0	 0	 0	 0	 0	 1	 0	 0	 2	 1	 1	 1	 已等待时间x是 0	 0	 0	 0	 0	 0	 0	 0	 0	 0	 0	 0	 已耗费时间g为12	 标识来源于M853	 激发的变迁	 8	 它不是终止标识 NO 它不是重复标识
m997的标识是 0	 0	 0	 0	 1	 0	 0	 0	 1	 2	 1	 1	 已等待时间x是 0	 0	 0	 0	 0	 0	 0	 0	 0	 0	 0	 0	 已耗费时间g为11	 标识来源于M855	 激发的变迁	 8	 它不是终止标识 NO 它不是重复标识
m1007的标识是 0	 0	 0	 0	 0	 1	 0	 0	 2	 1	 1	 1	 已等待时间x是 0	 0	 0	 0	 0	 0	 0	 0	 0	 0	 0	 0	 已耗费时间g为11	 标识来源于M872	 激发的变迁	 8	 它不是终止标识 NO 它不是重复标识
m1009的标识是 0	 0	 0	 0	 1	 0	 0	 0	 1	 2	 1	 1	 已等待时间x是 0	 0	 0	 0	 0	 0	 0	 0	 0	 0	 0	 0	 已耗费时间g为10	 标识来源于M874	 激发的变迁	 8	 它不是终止标识 NO 它不是重复标识
m1010的标识是 0	 0	 0	 0	 0	 1	 0	 0	 2	 1	 1	 1	 已等待时间x是 0	 0	 0	 0	 0	 0	 0	 0	 0	 0	 0	 0	 已耗费时间g为10	 标识来源于M875	 激发的变迁	 8	 它不是终止标识 NO 它不是重复标识
m1013的标识是 0	 0	 0	 0	 1	 0	 0	 0	 1	 2	 1	 1	 已等待时间x是 0	 0	 0	 0	 0	 0	 0	 0	 0	 0	 0	 0	 已耗费时间g为 9	 标识来源于M879	 激发的变迁	 8	 它不是终止标识 NO 它不是重复标识
m1021的标识是 0	 0	 0	 0	 0	 1	 0	 0	 2	 1	 1	 1	 已等待时间x是 0	 0	 0	 0	 0	 0	 0	 0	 0	 0	 0	 0	 已耗费时间g为 9	 标识来源于M893	 激发的变迁	 8	 它不是终止标识 NO 它不是重复标识
m1024的标识是 0	 0	 0	 0	 1	 0	 0	 0	 1	 2	 1	 1	 已等待时间x是 0	 0	 0	 0	 0	 0	 0	 0	 0	 0	 0	 0	 已耗费时间g为 8	 标识来源于M897	 激发的变迁	 8	 它不是终止标识 NO 它不是重复标识
m1030的标识是 0	 0	 0	 0	 0	 1	 0	 0	 2	 1	 1	 1	 已等待时间x是 0	 0	 0	 0	 0	 0	 0	 0	 0	 0	 0	 0	 已耗费时间g为13	 标识来源于M905	 激发的变迁	 8	 它不是终止标识 NO 它不是重复标识
m1032的标识是 0	 0	 0	 0	 1	 0	 0	 0	 1	 2	 1	 1	 已等待时间x是 0	 0	 0	 0	 0	 0	 0	 0	 0	 0	 0	 0	 已耗费时间g为12	 标识来源于M907	 激发的变迁	 8	 它不是终止标识 NO 它不是重复标识
m1082的标识是 0	 0	 0	 0	 0	 0	 0	 1	 2	 1	 1	 0	 已等待时间x是 0	 0	 0	 0	 0	 0	 0	 0	 0	 0	 0	 0	 已耗费时间g为14	 标识来源于M991	 激发的变迁	 6	 它不是终止标识 NO 它不是重复标识
m1083的标识是 0	 0	 0	 0	 0	 0	 1	 0	 1	 2	 1	 0	 已等待时间x是 0	 0	 0	 0	 0	 0	 0	 0	 0	 0	 0	 0	 已耗费时间g为13	 标识来源于M993	 激发的变迁	 5	 它不是终止标识 NO 它不是重复标识
m1084的标识是 0	 0	 0	 0	 0	 0	 0	 1	 2	 1	 1	 0	 已等待时间x是 0	 0	 0	 0	 0	 0	 0	 0	 0	 0	 0	 0	 已耗费时间g为12	 标识来源于M995	 激发的变迁	 6	 它不是终止标识 NO 它不是重复标识
m1085的标识是 0	 0	 0	 0	 0	 0	 1	 0	 1	 2	 1	 0	 已等待时间x是 0	 0	 0	 0	 0	 0	 0	 0	 0	 0	 0	 0	 已耗费时间g为11	 标识来源于M997	 激发的变迁	 5	 它不是终止标识 NO 它不是重复标识
m1086的标识是 0	 0	 0	 0	 0	 0	 0	 1	 2	 1	 1	 0	 已等待时间x是 0	 0	 0	 0	 0	 0	 0	 0	 0	 0	 0	 0	 已耗费时间g为11	 标识来源于M1007	 激发的变迁	 6	 它不是终止标识 NO 它不是重复标识
m1087的标识是 0	 0	 0	 0	 0	 0	 1	 0	 1	 2	 1	 0	 已等待时间x是 0	 0	 0	 0	 0	 0	 0	 0	 0	 0	 0	 0	 已耗费时间g为10	 标识来源于M1009	 激发的变迁	 5	 它不是终止标识 NO 它不是重复标识
m1088的标识是 0	 0	 0	 0	 0	 0	 0	 1	 2	 1	 1	 0	 已等待时间x是 0	 0	 0	 0	 0	 0	 0	 0	 0	 0	 0	 0	 已耗费时间g为10	 标识来源于M1010	 激发的变迁	 6	 它不是终止标识 NO 它不是重复标识
m1089的标识是 0	 0	 0	 0	 0	 0	 1	 0	 1	 2	 1	 0	 已等待时间x是 0	 0	 0	 0	 0	 0	 0	 0	 0	 0	 0	 0	 已耗费时间g为 9	 标识来源于M1013	 激发的变迁	 5	 它不是终止标识 NO 它不是重复标识
m1090的标识是 0	 0	 0	 0	 0	 0	 0	 1	 2	 1	 1	 0	 已等待时间x是 0	 0	 0	 0	 0	 0	 0	 0	 0	 0	 0	 0	 已耗费时间g为 9	 标识来源于M1021	 激发的变迁	 6	 它不是终止标识 NO 它不是重复标识
m1091的标识是 0	 0	 0	 0	 0	 0	 1	 0	 1	 2	 1	 0	 已等待时间x是 0	 0	 0	 0	 0	 0	 0	 0	 0	 0	 0	 0	 已耗费时间g为 8	 标识来源于M1024	 激发的变迁	 5	 它不是终止标识 NO 它不是重复标识
m1092的标识是 0	 0	 0	 0	 0	 0	 0	 1	 2	 1	 1	 0	 已等待时间x是 0	 0	 0	 0	 0	 0	 0	 0	 0	 0	 0	 0	 已耗费时间g为13	 标识来源于M1030	 激发的变迁	 6	 它不是终止标识 NO 它不是重复标识
m1093的标识是 0	 0	 0	 0	 0	 0	 1	 0	 1	 2	 1	 0	 已等待时间x是 0	 0	 0	 0	 0	 0	 0	 0	 0	 0	 0	 0	 已耗费时间g为12	 标识来源于M1032	 激发的变迁	 5	 它不是终止标识 NO 它不是重复标识
m1094的标识是 0	 0	 0	 0	 0	 0	 0	 0	 2	 2	 1	 1	 已等待时间x是 0	 0	 0	 0	 0	 0	 0	 0	 0	 0	 0	 0	 已耗费时间g为16	 标识来源于M1082	 激发的变迁	 8	 它是终止标识 YES 它不是重复标识
m1096的标识是 0	 0	 0	 0	 0	 0	 0	 0	 2	 2	 1	 1	 已等待时间x是 0	 0	 0	 0	 0	 0	 0	 0	 0	 0	 0	 0	 已耗费时间g为14	 标识来源于M1084	 激发的变迁	 8	 它是终止标识 YES 它不是重复标识
m1098的标识是 0	 0	 0	 0	 0	 0	 0	 0	 2	 2	 1	 1	 已等待时间x是 0	 0	 0	 0	 0	 0	 0	 0	 0	 0	 0	 0	 已耗费时间g为13	 标识来源于M1086	 激发的变迁	 8	 它是终止标识 YES 它不是重复标识
m1100的标识是 0	 0	 0	 0	 0	 0	 0	 0	 2	 2	 1	 1	 已等待时间x是 0	 0	 0	 0	 0	 0	 0	 0	 0	 0	 0	 0	 已耗费时间g为12	 标识来源于M1088	 激发的变迁	 8	 它是终止标识 YES 它不是重复标识
m1102的标识是 0	 0	 0	 0	 0	 0	 0	 0	 2	 2	 1	 1	 已等待时间x是 0	 0	 0	 0	 0	 0	 0	 0	 0	 0	 0	 0	 已耗费时间g为11	 标识来源于M1090	 激发的变迁	 8	 它是终止标识 YES 它不是重复标识
m1104的标识是 0	 0	 0	 0	 0	 0	 0	 0	 2	 2	 1	 1	 已等待时间x是 0	 0	 0	 0	 0	 0	 0	 0	 0	 0	 0	 0	 已耗费时间g为15	 标识来源于M1092	 激发的变迁	 8	 它是终止标识 YES 它不是重复标识
