 2	 2	 0	 0	 0	 0	 0	 0	 0	 0	 1	 1	 0	 0	 0	 0	 0	 0	 0	 0	 0	 0	 0	 0	 0	 0	-1
 1	 2	 1	 0	 0	 0	 0	 0	 0	 0	 0	 1	 0	 0	 0	 0	 0	 0	 0	 0	 0	 0	 0	 0	 0	 1	-1
 2	 1	 0	 1	 0	 0	 0	 0	 0	 0	 0	 1	 0	 0	 0	 0	 0	 0	 0	 0	 0	 0	 0	 0	 0	 2	-1
 1	 2	 0	 0	 1	 0	 0	 0	 0	 0	 1	 1	 0	 0	 0	 0	 0	 0	 0	 0	 0	 0	 0	 0	 1	 3	-1
 2	 1	 0	 0	 0	 1	 0	 0	 0	 0	 1	 1	 0	 0	 0	 0	 0	 0	 0	 0	 0	 0	 0	 0	 2	 4	-1
 0	 2	 1	 0	 1	 0	 0	 0	 0	 0	 0	 1	 0	 0	 0	 0	 0	 0	 0	 0	 0	 0	 0	 0	 3	 1	-1
 1	 1	 0	 1	 1	 0	 0	 0	 0	 0	 0	 1	 0	 0	 0	 0	 0	 0	 0	 0	 0	 0	 0	 0	 3	 2	-1
 1	 2	 0	 0	 0	 0	 1	 0	 0	 0	 1	 0	 0	 0	 0	 0	 0	 0	 0	 0	 0	 0	 0	 0	 3	 5	-1
 1	 1	 1	 0	 0	 1	 0	 0	 0	 0	 0	 1	 0	 0	 0	 0	 0	 0	 0	 0	 0	 0	 0	 0	 4	 1	-1
 2	 0	 0	 1	 0	 1	 0	 0	 0	 0	 0	 1	 0	 0	 0	 0	 0	 0	 0	 0	 0	 0	 0	 0	 4	 2	-1
 2	 1	 0	 0	 0	 0	 0	 1	 0	 0	 1	 0	 0	 0	 0	 0	 0	 0	 0	 0	 0	 0	 0	 0	 4	 6	-1
 0	 2	 0	 0	 2	 0	 0	 0	 0	 0	 1	 1	 0	 0	 0	 0	 0	 0	 0	 0	 0	 0	 0	 0	 5	 3	-1
 0	 2	 1	 0	 0	 0	 1	 0	 0	 0	 0	 0	 0	 0	 0	 0	 0	 0	 0	 0	 0	 0	 0	 0	 5	 5	-1
 1	 1	 0	 0	 1	 1	 0	 0	 0	 0	 1	 1	 0	 0	 0	 0	 0	 0	 0	 0	 0	 0	 0	 0	 6	 4	-1
 1	 1	 0	 1	 0	 0	 1	 0	 0	 0	 0	 0	 0	 0	 0	 0	 0	 0	 0	 0	 0	 0	 0	 0	 6	 5	-1
 0	 2	 1	 0	 0	 0	 1	 0	 0	 0	 0	 0	 0	 0	 0	 0	 0	 0	 0	 0	 0	 0	 0	 0	 7	 1	12
 1	 1	 0	 1	 0	 0	 1	 0	 0	 0	 0	 0	 0	 0	 0	 0	 0	 0	 0	 0	 0	 0	 0	 0	 7	 2	14
 1	 2	 0	 0	 0	 0	 0	 0	 1	 0	 1	 1	 0	 0	 0	 0	 0	 0	 0	 0	 0	 0	 0	 0	 7	 7	-1
 1	 1	 0	 0	 1	 1	 0	 0	 0	 0	 1	 1	 0	 0	 0	 0	 0	 0	 0	 0	 0	 0	 0	 0	 8	 3	13
 1	 1	 1	 0	 0	 0	 0	 1	 0	 0	 0	 0	 0	 0	 0	 0	 0	 0	 0	 0	 0	 0	 0	 0	 8	 6	-1
 2	 0	 0	 0	 0	 2	 0	 0	 0	 0	 1	 1	 0	 0	 0	 0	 0	 0	 0	 0	 0	 0	 0	 0	 9	 4	-1
 2	 0	 0	 1	 0	 0	 0	 1	 0	 0	 0	 0	 0	 0	 0	 0	 0	 0	 0	 0	 0	 0	 0	 0	 9	 6	-1
 1	 1	 1	 0	 0	 0	 0	 1	 0	 0	 0	 0	 0	 0	 0	 0	 0	 0	 0	 0	 0	 0	 0	 0	10	 1	19
 2	 0	 0	 1	 0	 0	 0	 1	 0	 0	 0	 0	 0	 0	 0	 0	 0	 0	 0	 0	 0	 0	 0	 0	10	 2	21
 2	 1	 0	 0	 0	 0	 0	 0	 0	 1	 1	 1	 0	 0	 0	 0	 0	 0	 0	 0	 0	 0	 0	 0	10	 8	-1
 0	 1	 0	 1	 2	 0	 0	 0	 0	 0	 0	 1	 0	 0	 0	 0	 0	 0	 0	 0	 0	 0	 0	 0	11	 2	-1
 0	 2	 0	 0	 1	 0	 1	 0	 0	 0	 1	 0	 0	 0	 0	 0	 0	 0	 0	 0	 0	 0	 0	 0	11	 5	-1
 0	 2	 0	 0	 1	 0	 1	 0	 0	 0	 1	 0	 0	 0	 0	 0	 0	 0	 1	 0	 0	 0	 0	 0	12	 3	-1
 0	 2	 1	 0	 0	 0	 0	 0	 1	 0	 0	 1	 0	 0	 3	 0	 0	 0	 0	 0	 0	 0	 0	 0	12	 7	-1
 0	 1	 1	 0	 1	 1	 0	 0	 0	 0	 0	 1	 0	 0	 0	 0	 0	 0	 0	 0	 0	 0	 0	 0	13	 1	-1
 1	 0	 0	 1	 1	 1	 0	 0	 0	 0	 0	 1	 0	 0	 0	 0	 0	 0	 0	 0	 0	 0	 0	 0	13	 2	-1
 1	 1	 0	 0	 0	 1	 1	 0	 0	 0	 1	 0	 0	 0	 0	 0	 0	 0	 0	 0	 0	 0	 0	 0	13	 5	-1
 1	 1	 0	 0	 1	 0	 0	 1	 0	 0	 1	 0	 0	 0	 0	 0	 0	 0	 0	 0	 0	 0	 0	 0	13	 6	-1
 1	 1	 0	 0	 0	 1	 1	 0	 0	 0	 1	 0	 0	 0	 0	 0	 0	 0	 2	 0	 0	 0	 0	 0	14	 4	-1
 1	 1	 0	 1	 0	 0	 0	 0	 1	 0	 0	 1	 0	 0	 0	 3	 0	 0	 0	 0	 0	 0	 0	 0	14	 7	-1
 0	 2	 1	 0	 0	 0	 0	 0	 1	 0	 0	 1	 0	 0	 0	 0	 0	 0	 0	 0	 0	 0	 0	 0	17	 1	-1
 1	 1	 0	 1	 0	 0	 0	 0	 1	 0	 0	 1	 0	 0	 0	 0	 0	 0	 0	 0	 0	 0	 0	 0	17	 2	-1
 1	 1	 0	 0	 1	 0	 0	 1	 0	 0	 1	 0	 0	 0	 0	 0	 0	 0	 0	 1	 0	 0	 0	 0	19	 3	-1
 1	 1	 1	 0	 0	 0	 0	 0	 0	 1	 0	 1	 0	 0	 2	 0	 0	 0	 0	 0	 0	 0	 0	 0	19	 8	-1
 1	 0	 1	 0	 0	 2	 0	 0	 0	 0	 0	 1	 0	 0	 0	 0	 0	 0	 0	 0	 0	 0	 0	 0	20	 1	-1
 2	 0	 0	 0	 0	 1	 0	 1	 0	 0	 1	 0	 0	 0	 0	 0	 0	 0	 0	 0	 0	 0	 0	 0	20	 6	-1
 2	 0	 0	 0	 0	 1	 0	 1	 0	 0	 1	 0	 0	 0	 0	 0	 0	 0	 0	 2	 0	 0	 0	 0	21	 4	-1
 2	 0	 0	 1	 0	 0	 0	 0	 0	 1	 0	 1	 0	 0	 0	 2	 0	 0	 0	 0	 0	 0	 0	 0	21	 8	-1
 1	 1	 1	 0	 0	 0	 0	 0	 0	 1	 0	 1	 0	 0	 0	 0	 0	 0	 0	 0	 0	 0	 0	 0	24	 1	-1
 2	 0	 0	 1	 0	 0	 0	 0	 0	 1	 0	 1	 0	 0	 0	 0	 0	 0	 0	 0	 0	 0	 0	 0	24	 2	-1
 0	 1	 0	 0	 2	 1	 0	 0	 0	 0	 1	 1	 0	 0	 0	 0	 0	 0	 0	 0	 0	 0	 0	 0	25	 4	-1
 0	 1	 0	 1	 1	 0	 1	 0	 0	 0	 0	 0	 0	 0	 0	 0	 0	 0	 0	 0	 0	 0	 0	 0	25	 5	-1
 0	 1	 0	 1	 1	 0	 1	 0	 0	 0	 0	 0	 0	 0	 0	 0	 0	 0	 0	 0	 0	 0	 0	 0	26	 2	46
 0	 2	 0	 0	 1	 0	 0	 0	 1	 0	 1	 1	 0	 0	 0	 0	 0	 0	 0	 0	 0	 0	 0	 0	26	 7	-1
 0	 1	 0	 1	 1	 0	 1	 0	 0	 0	 0	 0	 0	 0	 0	 0	 0	 0	 1	 0	 0	 0	 0	 0	27	 2	-1
 0	 2	 0	 0	 1	 0	 0	 0	 1	 0	 1	 1	 0	 0	 0	 0	 0	 0	 0	 0	 0	 0	 0	 0	27	 7	-1
 0	 2	 0	 0	 1	 0	 0	 0	 1	 0	 1	 1	 0	 0	 0	 0	 0	 0	 0	 0	 0	 0	 0	 0	28	 3	50
 0	 1	 0	 0	 2	 1	 0	 0	 0	 0	 1	 1	 0	 0	 0	 0	 0	 0	 0	 0	 0	 0	 0	 0	29	 3	45
 0	 1	 1	 0	 0	 1	 1	 0	 0	 0	 0	 0	 0	 0	 0	 0	 0	 0	 0	 0	 0	 0	 0	 0	29	 5	-1
 0	 1	 1	 0	 1	 0	 0	 1	 0	 0	 0	 0	 0	 0	 0	 0	 0	 0	 0	 0	 0	 0	 0	 0	29	 6	-1
 1	 0	 0	 0	 1	 2	 0	 0	 0	 0	 1	 1	 0	 0	 0	 0	 0	 0	 0	 0	 0	 0	 0	 0	30	 4	-1
 1	 0	 0	 1	 0	 1	 1	 0	 0	 0	 0	 0	 0	 0	 0	 0	 0	 0	 0	 0	 0	 0	 0	 0	30	 5	-1
 1	 0	 0	 1	 1	 0	 0	 1	 0	 0	 0	 0	 0	 0	 0	 0	 0	 0	 0	 0	 0	 0	 0	 0	30	 6	-1
 0	 1	 1	 0	 0	 1	 1	 0	 0	 0	 0	 0	 0	 0	 0	 0	 0	 0	 0	 0	 0	 0	 0	 0	31	 1	53
 1	 0	 0	 1	 0	 1	 1	 0	 0	 0	 0	 0	 0	 0	 0	 0	 0	 0	 0	 0	 0	 0	 0	 0	31	 2	56
 1	 1	 0	 0	 0	 1	 0	 0	 1	 0	 1	 1	 0	 0	 0	 0	 0	 0	 0	 0	 0	 0	 0	 0	31	 7	-1
 0	 1	 1	 0	 1	 0	 0	 1	 0	 0	 0	 0	 0	 0	 0	 0	 0	 0	 0	 0	 0	 0	 0	 0	32	 1	54
 1	 0	 0	 1	 1	 0	 0	 1	 0	 0	 0	 0	 0	 0	 0	 0	 0	 0	 0	 0	 0	 0	 0	 0	32	 2	57
 1	 1	 0	 0	 1	 0	 0	 0	 0	 1	 1	 1	 0	 0	 0	 0	 0	 0	 0	 0	 0	 0	 0	 0	32	 8	-1
 0	 1	 1	 0	 0	 1	 1	 0	 0	 0	 0	 0	 0	 0	 0	 0	 0	 0	 2	 0	 0	 0	 0	 0	33	 1	-1
 1	 0	 0	 1	 0	 1	 1	 0	 0	 0	 0	 0	 0	 0	 0	 0	 0	 0	 2	 0	 0	 0	 0	 0	33	 2	-1
 1	 1	 0	 0	 0	 1	 0	 0	 1	 0	 1	 1	 0	 0	 0	 0	 0	 0	 0	 0	 0	 0	 0	 0	33	 7	-1
 1	 1	 0	 0	 0	 1	 0	 0	 1	 0	 1	 1	 0	 0	 0	 0	 0	 0	 0	 0	 0	 0	 0	 0	34	 4	66
 0	 2	 0	 0	 1	 0	 0	 0	 1	 0	 1	 1	 0	 0	 0	 0	 0	 0	 0	 0	 0	 0	 0	 0	35	 3	48
 1	 1	 0	 0	 0	 1	 0	 0	 1	 0	 1	 1	 0	 0	 0	 0	 0	 0	 0	 0	 0	 0	 0	 0	36	 4	60
 0	 1	 1	 0	 1	 0	 0	 1	 0	 0	 0	 0	 0	 0	 0	 0	 0	 0	 0	 1	 0	 0	 0	 0	37	 1	-1
 1	 0	 0	 1	 1	 0	 0	 1	 0	 0	 0	 0	 0	 0	 0	 0	 0	 0	 0	 1	 0	 0	 0	 0	37	 2	-1
 1	 1	 0	 0	 1	 0	 0	 0	 0	 1	 1	 1	 0	 0	 0	 0	 0	 0	 0	 0	 0	 0	 0	 0	37	 8	-1
 1	 1	 0	 0	 1	 0	 0	 0	 0	 1	 1	 1	 0	 0	 0	 0	 0	 0	 0	 0	 0	 0	 0	 0	38	 3	72
 1	 0	 0	 0	 1	 2	 0	 0	 0	 0	 1	 1	 0	 0	 0	 0	 0	 0	 0	 0	 0	 0	 0	 0	39	 3	55
 1	 0	 1	 0	 0	 1	 0	 1	 0	 0	 0	 0	 0	 0	 0	 0	 0	 0	 0	 0	 0	 0	 0	 0	39	 6	-1
 1	 0	 1	 0	 0	 1	 0	 1	 0	 0	 0	 0	 0	 0	 0	 0	 0	 0	 0	 0	 0	 0	 0	 0	40	 1	75
 2	 0	 0	 0	 0	 1	 0	 0	 0	 1	 1	 1	 0	 0	 0	 0	 0	 0	 0	 0	 0	 0	 0	 0	40	 8	-1
 1	 0	 1	 0	 0	 1	 0	 1	 0	 0	 0	 0	 0	 0	 0	 0	 0	 0	 0	 2	 0	 0	 0	 0	41	 1	-1
 2	 0	 0	 0	 0	 1	 0	 0	 0	 1	 1	 1	 0	 0	 0	 0	 0	 0	 0	 0	 0	 0	 0	 0	41	 8	-1
 2	 0	 0	 0	 0	 1	 0	 0	 0	 1	 1	 1	 0	 0	 0	 0	 0	 0	 0	 0	 0	 0	 0	 0	42	 4	79
 1	 1	 0	 0	 1	 0	 0	 0	 0	 1	 1	 1	 0	 0	 0	 0	 0	 0	 0	 0	 0	 0	 0	 0	43	 3	63
 2	 0	 0	 0	 0	 1	 0	 0	 0	 1	 1	 1	 0	 0	 0	 0	 0	 0	 0	 0	 0	 0	 0	 0	44	 4	77
 0	 0	 0	 1	 2	 1	 0	 0	 0	 0	 0	 1	 0	 0	 0	 0	 0	 0	 0	 0	 0	 0	 0	 0	45	 2	-1
 0	 1	 0	 0	 1	 1	 1	 0	 0	 0	 1	 0	 0	 0	 0	 0	 0	 0	 0	 0	 0	 0	 0	 0	45	 5	-1
 0	 1	 0	 0	 2	 0	 0	 1	 0	 0	 1	 0	 0	 0	 0	 0	 0	 0	 0	 0	 0	 0	 0	 0	45	 6	-1
 0	 1	 0	 0	 1	 1	 1	 0	 0	 0	 1	 0	 0	 0	 0	 0	 0	 0	 2	 0	 0	 0	 0	 0	46	 4	-1
 0	 1	 0	 1	 1	 0	 0	 0	 1	 0	 0	 1	 0	 0	 0	 3	 0	 0	 0	 0	 0	 0	 0	 0	46	 7	-1
 0	 1	 0	 1	 1	 0	 0	 0	 1	 0	 0	 1	 0	 0	 0	 0	 0	 0	 0	 0	 0	 0	 0	 0	48	 2	-1
 0	 2	 0	 0	 0	 0	 1	 0	 1	 0	 1	 0	 0	 0	 0	 0	 0	 0	 0	 0	 0	 0	 0	 0	48	 5	-1
 0	 1	 0	 0	 1	 1	 1	 0	 0	 0	 1	 0	 0	 0	 0	 0	 0	 0	 3	 0	 0	 0	 0	 0	49	 4	-1
 0	 1	 0	 1	 1	 0	 0	 0	 1	 0	 0	 1	 0	 0	 0	 2	 0	 0	 0	 0	 0	 0	 0	 0	49	 7	-1
 0	 1	 0	 1	 1	 0	 0	 0	 1	 0	 0	 1	 0	 0	 0	 0	 0	 0	 0	 0	 0	 0	 0	 0	50	 2	-1
 0	 2	 0	 0	 0	 0	 1	 0	 1	 0	 1	 0	 0	 0	 0	 0	 0	 0	 0	 0	 0	 0	 0	 0	50	 5	-1
 0	 1	 0	 0	 1	 1	 1	 0	 0	 0	 1	 0	 0	 0	 0	 0	 0	 0	 1	 0	 0	 0	 0	 0	53	 3	-1
 0	 1	 1	 0	 0	 1	 0	 0	 1	 0	 0	 1	 0	 0	 3	 0	 0	 0	 0	 0	 0	 0	 0	 0	53	 7	-1
 0	 1	 0	 0	 2	 0	 0	 1	 0	 0	 1	 0	 0	 0	 0	 0	 0	 0	 0	 1	 0	 0	 0	 0	54	 3	-1
 0	 1	 1	 0	 1	 0	 0	 0	 0	 1	 0	 1	 0	 0	 2	 0	 0	 0	 0	 0	 0	 0	 0	 0	54	 8	-1
 0	 0	 1	 0	 1	 2	 0	 0	 0	 0	 0	 1	 0	 0	 0	 0	 0	 0	 0	 0	 0	 0	 0	 0	55	 1	-1
 1	 0	 0	 0	 0	 2	 1	 0	 0	 0	 1	 0	 0	 0	 0	 0	 0	 0	 0	 0	 0	 0	 0	 0	55	 5	-1
 1	 0	 0	 0	 1	 1	 0	 1	 0	 0	 1	 0	 0	 0	 0	 0	 0	 0	 0	 0	 0	 0	 0	 0	55	 6	-1
 1	 0	 0	 0	 0	 2	 1	 0	 0	 0	 1	 0	 0	 0	 0	 0	 0	 0	 2	 0	 0	 0	 0	 0	56	 4	-1
 1	 0	 0	 1	 0	 1	 0	 0	 1	 0	 0	 1	 0	 0	 0	 3	 0	 0	 0	 0	 0	 0	 0	 0	56	 7	-1
 1	 0	 0	 0	 1	 1	 0	 1	 0	 0	 1	 0	 0	 0	 0	 0	 0	 0	 0	 2	 0	 0	 0	 0	57	 4	-1
 1	 0	 0	 1	 1	 0	 0	 0	 0	 1	 0	 1	 0	 0	 0	 2	 0	 0	 0	 0	 0	 0	 0	 0	57	 8	-1
 0	 1	 1	 0	 0	 1	 0	 0	 1	 0	 0	 1	 0	 0	 0	 0	 0	 0	 0	 0	 0	 0	 0	 0	60	 1	-1
 1	 0	 0	 1	 0	 1	 0	 0	 1	 0	 0	 1	 0	 0	 0	 0	 0	 0	 0	 0	 0	 0	 0	 0	60	 2	-1
 1	 1	 0	 0	 0	 0	 0	 1	 1	 0	 1	 0	 0	 0	 0	 0	 0	 0	 0	 0	 0	 0	 0	 0	60	 6	-1
 0	 1	 1	 0	 1	 0	 0	 0	 0	 1	 0	 1	 0	 0	 0	 0	 0	 0	 0	 0	 0	 0	 0	 0	63	 1	-1
 1	 0	 0	 1	 1	 0	 0	 0	 0	 1	 0	 1	 0	 0	 0	 0	 0	 0	 0	 0	 0	 0	 0	 0	63	 2	-1
 1	 1	 0	 0	 0	 0	 1	 0	 0	 1	 1	 0	 0	 0	 0	 0	 0	 0	 0	 0	 0	 0	 0	 0	63	 5	-1
 0	 1	 0	 0	 1	 1	 1	 0	 0	 0	 1	 0	 0	 0	 0	 0	 0	 0	 3	 0	 0	 0	 0	 0	64	 3	90
 0	 1	 1	 0	 0	 1	 0	 0	 1	 0	 0	 1	 0	 0	 1	 0	 0	 0	 0	 0	 0	 0	 0	 0	64	 7	-1
 1	 0	 0	 0	 0	 2	 1	 0	 0	 0	 1	 0	 0	 0	 0	 0	 0	 0	 4	 0	 0	 0	 0	 0	65	 4	-1
 1	 0	 0	 1	 0	 1	 0	 0	 1	 0	 0	 1	 0	 0	 0	 1	 0	 0	 0	 0	 0	 0	 0	 0	65	 7	-1
 0	 1	 1	 0	 0	 1	 0	 0	 1	 0	 0	 1	 0	 0	 0	 0	 0	 0	 0	 0	 0	 0	 0	 0	66	 1	-1
 1	 0	 0	 1	 0	 1	 0	 0	 1	 0	 0	 1	 0	 0	 0	 0	 0	 0	 0	 0	 0	 0	 0	 0	66	 2	-1
 1	 1	 0	 0	 0	 0	 0	 1	 1	 0	 1	 0	 0	 0	 0	 0	 0	 0	 0	 0	 0	 0	 0	 0	66	 6	-1
 0	 1	 0	 0	 2	 0	 0	 1	 0	 0	 1	 0	 0	 0	 0	 0	 0	 0	 0	 2	 0	 0	 0	 0	70	 3	-1
 0	 1	 1	 0	 1	 0	 0	 0	 0	 1	 0	 1	 0	 0	 1	 0	 0	 0	 0	 0	 0	 0	 0	 0	70	 8	-1
 1	 0	 0	 0	 1	 1	 0	 1	 0	 0	 1	 0	 0	 0	 0	 0	 0	 0	 0	 3	 0	 0	 0	 0	71	 4	-1
 1	 0	 0	 1	 1	 0	 0	 0	 0	 1	 0	 1	 0	 0	 0	 1	 0	 0	 0	 0	 0	 0	 0	 0	71	 8	-1
 0	 1	 1	 0	 1	 0	 0	 0	 0	 1	 0	 1	 0	 0	 0	 0	 0	 0	 0	 0	 0	 0	 0	 0	72	 1	-1
 1	 0	 0	 1	 1	 0	 0	 0	 0	 1	 0	 1	 0	 0	 0	 0	 0	 0	 0	 0	 0	 0	 0	 0	72	 2	-1
 1	 1	 0	 0	 0	 0	 1	 0	 0	 1	 1	 0	 0	 0	 0	 0	 0	 0	 0	 0	 0	 0	 0	 0	72	 5	-1
 1	 0	 0	 0	 1	 1	 0	 1	 0	 0	 1	 0	 0	 0	 0	 0	 0	 0	 0	 1	 0	 0	 0	 0	75	 3	-1
 1	 0	 1	 0	 0	 1	 0	 0	 0	 1	 0	 1	 0	 0	 2	 0	 0	 0	 0	 0	 0	 0	 0	 0	75	 8	-1
 1	 0	 1	 0	 0	 1	 0	 0	 0	 1	 0	 1	 0	 0	 0	 0	 0	 0	 0	 0	 0	 0	 0	 0	77	 1	-1
 2	 0	 0	 0	 0	 0	 0	 1	 0	 1	 1	 0	 0	 0	 0	 0	 0	 0	 0	 0	 0	 0	 0	 0	77	 6	-1
 1	 0	 0	 0	 1	 1	 0	 1	 0	 0	 1	 0	 0	 0	 0	 0	 0	 0	 0	 3	 0	 0	 0	 0	78	 3	120
 1	 0	 1	 0	 0	 1	 0	 0	 0	 1	 0	 1	 0	 0	 0	 0	 0	 0	 0	 0	 0	 0	 0	 0	78	 8	-1
 1	 0	 1	 0	 0	 1	 0	 0	 0	 1	 0	 1	 0	 0	 0	 0	 0	 0	 0	 0	 0	 0	 0	 0	79	 1	130
 2	 0	 0	 0	 0	 0	 0	 1	 0	 1	 1	 0	 0	 0	 0	 0	 0	 0	 0	 0	 0	 0	 0	 0	79	 6	-1
 0	 0	 0	 0	 2	 2	 0	 0	 0	 0	 1	 1	 0	 0	 0	 0	 0	 0	 0	 0	 0	 0	 0	 0	83	 4	-1
 0	 0	 0	 1	 1	 1	 1	 0	 0	 0	 0	 0	 0	 0	 0	 0	 0	 0	 0	 0	 0	 0	 0	 0	83	 5	-1
 0	 0	 0	 1	 2	 0	 0	 1	 0	 0	 0	 0	 0	 0	 0	 0	 0	 0	 0	 0	 0	 0	 0	 0	83	 6	-1
 0	 0	 0	 1	 1	 1	 1	 0	 0	 0	 0	 0	 0	 0	 0	 0	 0	 0	 0	 0	 0	 0	 0	 0	84	 2	134
 0	 1	 0	 0	 1	 1	 0	 0	 1	 0	 1	 1	 0	 0	 0	 0	 0	 0	 0	 0	 0	 0	 0	 0	84	 7	-1
 0	 0	 0	 1	 2	 0	 0	 1	 0	 0	 0	 0	 0	 0	 0	 0	 0	 0	 0	 0	 0	 0	 0	 0	85	 2	135
 0	 1	 0	 0	 2	 0	 0	 0	 0	 1	 1	 1	 0	 0	 0	 0	 0	 0	 0	 0	 0	 0	 0	 0	85	 8	-1
 0	 0	 0	 1	 1	 1	 1	 0	 0	 0	 0	 0	 0	 0	 0	 0	 0	 0	 2	 0	 0	 0	 0	 0	86	 2	-1
 0	 1	 0	 0	 1	 1	 0	 0	 1	 0	 1	 1	 0	 0	 0	 0	 0	 0	 0	 0	 0	 0	 0	 0	86	 7	-1
 0	 1	 0	 0	 1	 1	 0	 0	 1	 0	 1	 1	 0	 0	 0	 0	 0	 0	 0	 0	 0	 0	 0	 0	87	 4	141
 0	 1	 0	 1	 0	 0	 1	 0	 1	 0	 0	 0	 0	 0	 0	 3	 0	 0	 0	 0	 0	 0	 0	 0	87	 5	-1
 0	 1	 0	 0	 1	 1	 0	 0	 1	 0	 1	 1	 0	 0	 0	 0	 0	 0	 0	 0	 0	 0	 0	 0	88	 4	137
 0	 1	 0	 1	 0	 0	 1	 0	 1	 0	 0	 0	 0	 0	 0	 0	 0	 0	 0	 0	 0	 0	 0	 0	88	 5	-1
 0	 1	 0	 1	 0	 0	 1	 0	 1	 0	 0	 0	 0	 0	 0	 0	 0	 0	 0	 0	 0	 0	 0	 0	89	 2	145
 0	 2	 0	 0	 0	 0	 0	 0	 2	 0	 1	 1	 0	 0	 0	 0	 0	 0	 0	 0	 0	 0	 0	 0	89	 7	-1
 0	 0	 0	 1	 1	 1	 1	 0	 0	 0	 0	 0	 0	 0	 0	 0	 0	 0	 3	 0	 0	 0	 0	 0	90	 2	-1
 0	 1	 0	 0	 1	 1	 0	 0	 1	 0	 1	 1	 0	 0	 0	 0	 0	 0	 0	 0	 0	 0	 0	 0	90	 7	-1
 0	 1	 0	 0	 1	 1	 0	 0	 1	 0	 1	 1	 0	 0	 0	 0	 0	 0	 0	 0	 0	 0	 0	 0	91	 4	149
 0	 1	 0	 1	 0	 0	 1	 0	 1	 0	 0	 0	 0	 0	 0	 2	 0	 0	 0	 0	 0	 0	 0	 0	91	 5	-1
 0	 1	 0	 0	 1	 1	 0	 0	 1	 0	 1	 1	 0	 0	 0	 0	 0	 0	 0	 0	 0	 0	 0	 0	92	 4	-1
 0	 1	 0	 1	 0	 0	 1	 0	 1	 0	 0	 0	 0	 0	 0	 0	 0	 0	 0	 0	 0	 0	 0	 0	92	 5	-1
 0	 1	 0	 1	 0	 0	 1	 0	 1	 0	 0	 0	 0	 0	 0	 0	 0	 0	 0	 0	 0	 0	 0	 0	93	 2	153
 0	 2	 0	 0	 0	 0	 0	 0	 2	 0	 1	 1	 0	 0	 0	 0	 0	 0	 0	 0	 0	 0	 0	 0	93	 7	-1
 0	 0	 0	 1	 1	 1	 1	 0	 0	 0	 0	 0	 0	 0	 0	 0	 0	 0	 1	 0	 0	 0	 0	 0	94	 2	-1
 0	 1	 0	 0	 1	 1	 0	 0	 1	 0	 1	 1	 0	 0	 0	 0	 0	 0	 0	 0	 0	 0	 0	 0	94	 7	152
 0	 1	 0	 0	 1	 1	 0	 0	 1	 0	 1	 1	 0	 0	 0	 0	 0	 0	 0	 0	 0	 0	 0	 0	95	 3	152
 0	 1	 1	 0	 0	 0	 0	 1	 1	 0	 0	 0	 0	 0	 3	 0	 0	 0	 0	 0	 0	 0	 0	 0	95	 6	-1
 0	 0	 0	 1	 2	 0	 0	 1	 0	 0	 0	 0	 0	 0	 0	 0	 0	 0	 0	 1	 0	 0	 0	 0	96	 2	-1
 0	 1	 0	 0	 2	 0	 0	 0	 0	 1	 1	 1	 0	 0	 0	 0	 0	 0	 0	 0	 0	 0	 0	 0	96	 8	-1
 0	 1	 0	 0	 2	 0	 0	 0	 0	 1	 1	 1	 0	 0	 0	 0	 0	 0	 0	 0	 0	 0	 0	 0	97	 3	161
 0	 1	 1	 0	 0	 0	 1	 0	 0	 1	 0	 0	 0	 0	 2	 0	 0	 0	 0	 0	 0	 0	 0	 0	97	 5	-1
 0	 0	 0	 0	 2	 2	 0	 0	 0	 0	 1	 1	 0	 0	 0	 0	 0	 0	 0	 0	 0	 0	 0	 0	98	 3	133
 0	 0	 1	 0	 0	 2	 1	 0	 0	 0	 0	 0	 0	 0	 0	 0	 0	 0	 0	 0	 0	 0	 0	 0	98	 5	-1
 0	 0	 1	 0	 1	 1	 0	 1	 0	 0	 0	 0	 0	 0	 0	 0	 0	 0	 0	 0	 0	 0	 0	 0	98	 6	-1
 0	 0	 1	 0	 0	 2	 1	 0	 0	 0	 0	 0	 0	 0	 0	 0	 0	 0	 0	 0	 0	 0	 0	 0	99	 1	165
 1	 0	 0	 0	 0	 2	 0	 0	 1	 0	 1	 1	 0	 0	 0	 0	 0	 0	 0	 0	 0	 0	 0	 0	99	 7	-1
 0	 0	 1	 0	 1	 1	 0	 1	 0	 0	 0	 0	 0	 0	 0	 0	 0	 0	 0	 0	 0	 0	 0	 0	100	 1	166
 1	 0	 0	 0	 1	 1	 0	 0	 0	 1	 1	 1	 0	 0	 0	 0	 0	 0	 0	 0	 0	 0	 0	 0	100	 8	-1
 0	 0	 1	 0	 0	 2	 1	 0	 0	 0	 0	 0	 0	 0	 0	 0	 0	 0	 2	 0	 0	 0	 0	 0	101	 1	-1
 1	 0	 0	 0	 0	 2	 0	 0	 1	 0	 1	 1	 0	 0	 0	 0	 0	 0	 0	 0	 0	 0	 0	 0	101	 7	-1
 1	 0	 0	 0	 0	 2	 0	 0	 1	 0	 1	 1	 0	 0	 0	 0	 0	 0	 0	 0	 0	 0	 0	 0	102	 4	172
 1	 0	 0	 1	 0	 0	 0	 1	 1	 0	 0	 0	 0	 0	 0	 3	 0	 0	 0	 0	 0	 0	 0	 0	102	 6	-1
 0	 0	 1	 0	 1	 1	 0	 1	 0	 0	 0	 0	 0	 0	 0	 0	 0	 0	 0	 2	 0	 0	 0	 0	103	 1	-1
 1	 0	 0	 0	 1	 1	 0	 0	 0	 1	 1	 1	 0	 0	 0	 0	 0	 0	 0	 0	 0	 0	 0	 0	103	 8	-1
 1	 0	 0	 0	 1	 1	 0	 0	 0	 1	 1	 1	 0	 0	 0	 0	 0	 0	 0	 0	 0	 0	 0	 0	104	 4	176
 1	 0	 0	 1	 0	 0	 1	 0	 0	 1	 0	 0	 0	 0	 0	 2	 0	 0	 0	 0	 0	 0	 0	 0	104	 5	-1
 0	 1	 0	 0	 1	 1	 0	 0	 1	 0	 1	 1	 0	 0	 0	 0	 0	 0	 0	 0	 0	 0	 0	 0	105	 3	137
 0	 1	 1	 0	 0	 0	 0	 1	 1	 0	 0	 0	 0	 0	 0	 0	 0	 0	 0	 0	 0	 0	 0	 0	105	 6	-1
 1	 0	 0	 0	 0	 2	 0	 0	 1	 0	 1	 1	 0	 0	 0	 0	 0	 0	 0	 0	 0	 0	 0	 0	106	 4	168
 1	 0	 0	 1	 0	 0	 0	 1	 1	 0	 0	 0	 0	 0	 0	 0	 0	 0	 0	 0	 0	 0	 0	 0	106	 6	-1
 0	 1	 1	 0	 0	 0	 0	 1	 1	 0	 0	 0	 0	 0	 0	 0	 0	 0	 0	 0	 0	 0	 0	 0	107	 1	180
 1	 0	 0	 1	 0	 0	 0	 1	 1	 0	 0	 0	 0	 0	 0	 0	 0	 0	 0	 0	 0	 0	 0	 0	107	 2	182
 1	 1	 0	 0	 0	 0	 0	 0	 1	 1	 1	 1	 0	 0	 0	 0	 0	 0	 0	 0	 0	 0	 0	 0	107	 8	-1
 0	 1	 0	 0	 2	 0	 0	 0	 0	 1	 1	 1	 0	 0	 0	 0	 0	 0	 0	 0	 0	 0	 0	 0	108	 3	139
 0	 1	 1	 0	 0	 0	 1	 0	 0	 1	 0	 0	 0	 0	 0	 0	 0	 0	 0	 0	 0	 0	 0	 0	108	 5	-1
 1	 0	 0	 0	 1	 1	 0	 0	 0	 1	 1	 1	 0	 0	 0	 0	 0	 0	 0	 0	 0	 0	 0	 0	109	 4	170
 1	 0	 0	 1	 0	 0	 1	 0	 0	 1	 0	 0	 0	 0	 0	 0	 0	 0	 0	 0	 0	 0	 0	 0	109	 5	-1
 0	 1	 1	 0	 0	 0	 1	 0	 0	 1	 0	 0	 0	 0	 0	 0	 0	 0	 0	 0	 0	 0	 0	 0	110	 1	187
 1	 0	 0	 1	 0	 0	 1	 0	 0	 1	 0	 0	 0	 0	 0	 0	 0	 0	 0	 0	 0	 0	 0	 0	110	 2	189
 1	 1	 0	 0	 0	 0	 0	 0	 1	 1	 1	 1	 0	 0	 0	 0	 0	 0	 0	 0	 0	 0	 0	 0	110	 7	185
 0	 1	 0	 0	 1	 1	 0	 0	 1	 0	 1	 1	 0	 0	 0	 0	 0	 0	 0	 0	 0	 0	 0	 0	112	 3	149
 0	 1	 1	 0	 0	 0	 0	 1	 1	 0	 0	 0	 0	 0	 1	 0	 0	 0	 0	 0	 0	 0	 0	 0	112	 6	-1
 0	 0	 1	 0	 0	 2	 1	 0	 0	 0	 0	 0	 0	 0	 0	 0	 0	 0	 4	 0	 0	 0	 0	 0	113	 1	-1
 1	 0	 0	 0	 0	 2	 0	 0	 1	 0	 1	 1	 0	 0	 0	 0	 0	 0	 0	 0	 0	 0	 0	 0	113	 7	-1
 1	 0	 0	 0	 0	 2	 0	 0	 1	 0	 1	 1	 0	 0	 0	 0	 0	 0	 0	 0	 0	 0	 0	 0	114	 4	196
 1	 0	 0	 1	 0	 0	 0	 1	 1	 0	 0	 0	 0	 0	 0	 1	 0	 0	 0	 0	 0	 0	 0	 0	114	 6	-1
 0	 1	 0	 0	 1	 1	 0	 0	 1	 0	 1	 1	 0	 0	 0	 0	 0	 0	 0	 0	 0	 0	 0	 0	115	 3	141
 0	 1	 1	 0	 0	 0	 0	 1	 1	 0	 0	 0	 0	 0	 0	 0	 0	 0	 0	 0	 0	 0	 0	 0	115	 6	-1
 1	 0	 0	 0	 0	 2	 0	 0	 1	 0	 1	 1	 0	 0	 0	 0	 0	 0	 0	 0	 0	 0	 0	 0	116	 4	172
 1	 0	 0	 1	 0	 0	 0	 1	 1	 0	 0	 0	 0	 0	 0	 0	 0	 0	 0	 0	 0	 0	 0	 0	116	 6	-1
 0	 1	 1	 0	 0	 0	 0	 1	 1	 0	 0	 0	 0	 0	 0	 0	 0	 0	 0	 0	 0	 0	 0	 0	117	 1	200
 1	 0	 0	 1	 0	 0	 0	 1	 1	 0	 0	 0	 0	 0	 0	 0	 0	 0	 0	 0	 0	 0	 0	 0	117	 2	202
 1	 1	 0	 0	 0	 0	 0	 0	 1	 1	 1	 1	 0	 0	 0	 0	 0	 0	 0	 0	 0	 0	 0	 0	117	 8	-1
 0	 0	 0	 1	 2	 0	 0	 1	 0	 0	 0	 0	 0	 0	 0	 0	 0	 0	 0	 2	 0	 0	 0	 0	118	 2	-1
 0	 1	 0	 0	 2	 0	 0	 0	 0	 1	 1	 1	 0	 0	 0	 0	 0	 0	 0	 0	 0	 0	 0	 0	118	 8	-1
 0	 1	 0	 0	 2	 0	 0	 0	 0	 1	 1	 1	 0	 0	 0	 0	 0	 0	 0	 0	 0	 0	 0	 0	119	 3	207
 0	 1	 1	 0	 0	 0	 1	 0	 0	 1	 0	 0	 0	 0	 1	 0	 0	 0	 0	 0	 0	 0	 0	 0	119	 5	-1
 0	 0	 1	 0	 1	 1	 0	 1	 0	 0	 0	 0	 0	 0	 0	 0	 0	 0	 0	 3	 0	 0	 0	 0	120	 1	-1
 1	 0	 0	 0	 1	 1	 0	 0	 0	 1	 1	 1	 0	 0	 0	 0	 0	 0	 0	 0	 0	 0	 0	 0	120	 8	176
 1	 0	 0	 0	 1	 1	 0	 0	 0	 1	 1	 1	 0	 0	 0	 0	 0	 0	 0	 0	 0	 0	 0	 0	121	 4	176
 1	 0	 0	 1	 0	 0	 1	 0	 0	 1	 0	 0	 0	 0	 0	 1	 0	 0	 0	 0	 0	 0	 0	 0	121	 5	-1
 0	 1	 0	 0	 2	 0	 0	 0	 0	 1	 1	 1	 0	 0	 0	 0	 0	 0	 0	 0	 0	 0	 0	 0	122	 3	161
 0	 1	 1	 0	 0	 0	 1	 0	 0	 1	 0	 0	 0	 0	 0	 0	 0	 0	 0	 0	 0	 0	 0	 0	122	 5	-1
 1	 0	 0	 0	 1	 1	 0	 0	 0	 1	 1	 1	 0	 0	 0	 0	 0	 0	 0	 0	 0	 0	 0	 0	123	 4	-1
 1	 0	 0	 1	 0	 0	 1	 0	 0	 1	 0	 0	 0	 0	 0	 0	 0	 0	 0	 0	 0	 0	 0	 0	123	 5	-1
 0	 1	 1	 0	 0	 0	 1	 0	 0	 1	 0	 0	 0	 0	 0	 0	 0	 0	 0	 0	 0	 0	 0	 0	124	 1	215
 1	 0	 0	 1	 0	 0	 1	 0	 0	 1	 0	 0	 0	 0	 0	 0	 0	 0	 0	 0	 0	 0	 0	 0	124	 2	217
 1	 1	 0	 0	 0	 0	 0	 0	 1	 1	 1	 1	 0	 0	 0	 0	 0	 0	 0	 0	 0	 0	 0	 0	124	 7	-1
 0	 0	 1	 0	 1	 1	 0	 1	 0	 0	 0	 0	 0	 0	 0	 0	 0	 0	 0	 1	 0	 0	 0	 0	125	 1	-1
 1	 0	 0	 0	 1	 1	 0	 0	 0	 1	 1	 1	 0	 0	 0	 0	 0	 0	 0	 0	 0	 0	 0	 0	125	 8	216
 1	 0	 0	 0	 1	 1	 0	 0	 0	 1	 1	 1	 0	 0	 0	 0	 0	 0	 0	 0	 0	 0	 0	 0	126	 3	216
 1	 0	 1	 0	 0	 0	 0	 1	 0	 1	 0	 0	 0	 0	 2	 0	 0	 0	 0	 0	 0	 0	 0	 0	126	 6	-1
 1	 0	 0	 0	 1	 1	 0	 0	 0	 1	 1	 1	 0	 0	 0	 0	 0	 0	 0	 0	 0	 0	 0	 0	127	 3	170
 1	 0	 1	 0	 0	 0	 0	 1	 0	 1	 0	 0	 0	 0	 0	 0	 0	 0	 0	 0	 0	 0	 0	 0	127	 6	-1
 1	 0	 1	 0	 0	 0	 0	 1	 0	 1	 0	 0	 0	 0	 0	 0	 0	 0	 0	 0	 0	 0	 0	 0	128	 1	226
 2	 0	 0	 0	 0	 0	 0	 0	 0	 2	 1	 1	 0	 0	 0	 0	 0	 0	 0	 0	 0	 0	 0	 0	128	 8	-1
 1	 0	 0	 0	 1	 1	 0	 0	 0	 1	 1	 1	 0	 0	 0	 0	 0	 0	 0	 0	 0	 0	 0	 0	130	 3	176
 1	 0	 1	 0	 0	 0	 0	 1	 0	 1	 0	 0	 0	 0	 0	 0	 0	 0	 0	 0	 0	 0	 0	 0	130	 6	-1
 1	 0	 1	 0	 0	 0	 0	 1	 0	 1	 0	 0	 0	 0	 0	 0	 0	 0	 0	 0	 0	 0	 0	 0	132	 1	230
 2	 0	 0	 0	 0	 0	 0	 0	 0	 2	 1	 1	 0	 0	 0	 0	 0	 0	 0	 0	 0	 0	 0	 0	132	 8	-1
 0	 0	 0	 0	 1	 2	 1	 0	 0	 0	 1	 0	 0	 0	 0	 0	 0	 0	 0	 0	 0	 0	 0	 0	133	 5	-1
 0	 0	 0	 0	 2	 1	 0	 1	 0	 0	 1	 0	 0	 0	 0	 0	 0	 0	 0	 0	 0	 0	 0	 0	133	 6	-1
 0	 0	 0	 0	 1	 2	 1	 0	 0	 0	 1	 0	 0	 0	 0	 0	 0	 0	 2	 0	 0	 0	 0	 0	134	 4	-1
 0	 0	 0	 1	 1	 1	 0	 0	 1	 0	 0	 1	 0	 0	 0	 3	 0	 0	 0	 0	 0	 0	 0	 0	134	 7	-1
 0	 0	 0	 0	 2	 1	 0	 1	 0	 0	 1	 0	 0	 0	 0	 0	 0	 0	 0	 2	 0	 0	 0	 0	135	 4	-1
 0	 0	 0	 1	 2	 0	 0	 0	 0	 1	 0	 1	 0	 0	 0	 2	 0	 0	 0	 0	 0	 0	 0	 0	135	 8	-1
 0	 0	 0	 1	 1	 1	 0	 0	 1	 0	 0	 1	 0	 0	 0	 0	 0	 0	 0	 0	 0	 0	 0	 0	137	 2	-1
 0	 1	 0	 0	 0	 1	 1	 0	 1	 0	 1	 0	 0	 0	 0	 0	 0	 0	 0	 0	 0	 0	 0	 0	137	 5	-1
 0	 1	 0	 0	 1	 0	 0	 1	 1	 0	 1	 0	 0	 0	 0	 0	 0	 0	 0	 0	 0	 0	 0	 0	137	 6	-1
 0	 0	 0	 1	 2	 0	 0	 0	 0	 1	 0	 1	 0	 0	 0	 0	 0	 0	 0	 0	 0	 0	 0	 0	139	 2	-1
 0	 1	 0	 0	 1	 0	 1	 0	 0	 1	 1	 0	 0	 0	 0	 0	 0	 0	 0	 0	 0	 0	 0	 0	139	 5	-1
 0	 0	 0	 0	 1	 2	 1	 0	 0	 0	 1	 0	 0	 0	 0	 0	 0	 0	 4	 0	 0	 0	 0	 0	140	 4	-1
 0	 0	 0	 1	 1	 1	 0	 0	 1	 0	 0	 1	 0	 0	 0	 1	 0	 0	 0	 0	 0	 0	 0	 0	140	 7	-1
 0	 0	 0	 1	 1	 1	 0	 0	 1	 0	 0	 1	 0	 0	 0	 0	 0	 0	 0	 0	 0	 0	 0	 0	141	 2	-1
 0	 1	 0	 0	 0	 1	 1	 0	 1	 0	 1	 0	 0	 0	 0	 0	 0	 0	 0	 0	 0	 0	 0	 0	141	 5	-1
 0	 1	 0	 0	 1	 0	 0	 1	 1	 0	 1	 0	 0	 0	 0	 0	 0	 0	 0	 0	 0	 0	 0	 0	141	 6	-1
 0	 1	 0	 0	 0	 1	 1	 0	 1	 0	 1	 0	 0	 0	 0	 0	 0	 0	 0	 0	 0	 0	 0	 0	143	 4	247
 0	 1	 0	 1	 0	 0	 0	 0	 2	 0	 0	 1	 0	 0	 0	 6	 0	 0	 0	 0	 0	 0	 0	 0	143	 7	-1
 0	 1	 0	 0	 0	 1	 1	 0	 1	 0	 1	 0	 0	 0	 0	 0	 0	 0	 2	 0	 0	 0	 0	 0	145	 4	-1
 0	 1	 0	 1	 0	 0	 0	 0	 2	 0	 0	 1	 0	 0	 0	 3	 0	 0	 0	 0	 0	 0	 0	 0	145	 7	-1
 0	 1	 0	 1	 0	 0	 0	 0	 2	 0	 0	 1	 0	 0	 0	 0	 0	 0	 0	 0	 0	 0	 0	 0	147	 2	-1
 0	 0	 0	 0	 1	 2	 1	 0	 0	 0	 1	 0	 0	 0	 0	 0	 0	 0	 5	 0	 0	 0	 0	 0	148	 4	-1
 0	 0	 0	 1	 1	 1	 0	 0	 1	 0	 0	 1	 0	 0	 0	 0	 0	 0	 0	 0	 0	 0	 0	 0	148	 7	-1
 0	 0	 0	 1	 1	 1	 0	 0	 1	 0	 0	 1	 0	 0	 0	 0	 0	 0	 0	 0	 0	 0	 0	 0	149	 2	255
 0	 1	 0	 0	 0	 1	 1	 0	 1	 0	 1	 0	 0	 0	 0	 0	 0	 0	 0	 0	 0	 0	 0	 0	149	 5	-1
 0	 1	 0	 0	 1	 0	 0	 1	 1	 0	 1	 0	 0	 0	 0	 0	 0	 0	 0	 0	 0	 0	 0	 0	149	 6	-1
 0	 1	 0	 0	 0	 1	 1	 0	 1	 0	 1	 0	 0	 0	 0	 0	 0	 0	 0	 0	 0	 0	 0	 0	151	 4	257
 0	 1	 0	 1	 0	 0	 0	 0	 2	 0	 0	 1	 0	 0	 0	 5	 0	 0	 0	 0	 0	 0	 0	 0	151	 7	-1
 0	 0	 0	 1	 1	 1	 0	 0	 1	 0	 0	 1	 0	 0	 0	 0	 0	 0	 0	 0	 0	 0	 0	 0	152	 2	-1
 0	 1	 0	 0	 0	 1	 1	 0	 1	 0	 1	 0	 0	 0	 0	 0	 0	 0	 0	 0	 0	 0	 0	 0	152	 5	-1
 0	 1	 0	 0	 1	 0	 0	 1	 1	 0	 1	 0	 0	 0	 0	 0	 0	 0	 0	 0	 0	 0	 0	 0	152	 6	-1
 0	 1	 0	 0	 0	 1	 1	 0	 1	 0	 1	 0	 0	 0	 0	 0	 0	 0	 2	 0	 0	 0	 0	 0	153	 4	-1
 0	 1	 0	 1	 0	 0	 0	 0	 2	 0	 0	 1	 0	 0	 0	 3	 0	 0	 0	 0	 0	 0	 0	 0	153	 7	-1
 0	 1	 0	 1	 0	 0	 0	 0	 2	 0	 0	 1	 0	 0	 0	 0	 0	 0	 0	 0	 0	 0	 0	 0	155	 2	-1
 0	 0	 0	 0	 1	 2	 1	 0	 0	 0	 1	 0	 0	 0	 0	 0	 0	 0	 3	 0	 0	 0	 0	 0	156	 4	-1
 0	 0	 0	 1	 1	 1	 0	 0	 1	 0	 0	 1	 0	 0	 0	 2	 0	 0	 0	 0	 0	 0	 0	 0	156	 7	-1
 0	 1	 0	 0	 1	 0	 0	 1	 1	 0	 1	 0	 0	 0	 0	 0	 0	 0	 0	 0	 0	 0	 0	 0	159	 3	263
 0	 1	 1	 0	 0	 0	 0	 0	 1	 1	 0	 1	 0	 0	 5	 0	 0	 0	 0	 0	 0	 0	 0	 0	159	 8	-1
 0	 0	 0	 0	 2	 1	 0	 1	 0	 0	 1	 0	 0	 0	 0	 0	 0	 0	 0	 3	 0	 0	 0	 0	160	 4	-1
 0	 0	 0	 1	 2	 0	 0	 0	 0	 1	 0	 1	 0	 0	 0	 1	 0	 0	 0	 0	 0	 0	 0	 0	160	 8	-1
 0	 0	 0	 1	 2	 0	 0	 0	 0	 1	 0	 1	 0	 0	 0	 0	 0	 0	 0	 0	 0	 0	 0	 0	161	 2	-1
 0	 1	 0	 0	 1	 0	 1	 0	 0	 1	 1	 0	 0	 0	 0	 0	 0	 0	 0	 0	 0	 0	 0	 0	161	 5	-1
 0	 1	 0	 0	 1	 0	 1	 0	 0	 1	 1	 0	 0	 0	 0	 0	 0	 0	 0	 0	 0	 0	 0	 0	163	 3	274
 0	 1	 1	 0	 0	 0	 0	 0	 1	 1	 0	 1	 0	 0	 5	 0	 0	 0	 0	 0	 0	 0	 0	 0	163	 7	270
 0	 0	 0	 0	 1	 2	 1	 0	 0	 0	 1	 0	 0	 0	 0	 0	 0	 0	 1	 0	 0	 0	 0	 0	165	 3	-1
 0	 0	 1	 0	 0	 2	 0	 0	 1	 0	 0	 1	 0	 0	 3	 0	 0	 0	 0	 0	 0	 0	 0	 0	165	 7	-1
 0	 0	 0	 0	 2	 1	 0	 1	 0	 0	 1	 0	 0	 0	 0	 0	 0	 0	 0	 1	 0	 0	 0	 0	166	 3	-1
 0	 0	 1	 0	 1	 1	 0	 0	 0	 1	 0	 1	 0	 0	 2	 0	 0	 0	 0	 0	 0	 0	 0	 0	166	 8	-1
 0	 0	 1	 0	 0	 2	 0	 0	 1	 0	 0	 1	 0	 0	 0	 0	 0	 0	 0	 0	 0	 0	 0	 0	168	 1	-1
 1	 0	 0	 0	 0	 1	 0	 1	 1	 0	 1	 0	 0	 0	 0	 0	 0	 0	 0	 0	 0	 0	 0	 0	168	 6	-1
 0	 0	 1	 0	 1	 1	 0	 0	 0	 1	 0	 1	 0	 0	 0	 0	 0	 0	 0	 0	 0	 0	 0	 0	170	 1	-1
 1	 0	 0	 0	 0	 1	 1	 0	 0	 1	 1	 0	 0	 0	 0	 0	 0	 0	 0	 0	 0	 0	 0	 0	170	 5	-1
 1	 0	 0	 0	 1	 0	 0	 1	 0	 1	 1	 0	 0	 0	 0	 0	 0	 0	 0	 0	 0	 0	 0	 0	170	 6	-1
 0	 0	 0	 0	 1	 2	 1	 0	 0	 0	 1	 0	 0	 0	 0	 0	 0	 0	 3	 0	 0	 0	 0	 0	171	 3	267
 0	 0	 1	 0	 0	 2	 0	 0	 1	 0	 0	 1	 0	 0	 1	 0	 0	 0	 0	 0	 0	 0	 0	 0	171	 7	-1
 0	 0	 1	 0	 0	 2	 0	 0	 1	 0	 0	 1	 0	 0	 0	 0	 0	 0	 0	 0	 0	 0	 0	 0	172	 1	-1
 1	 0	 0	 0	 0	 1	 0	 1	 1	 0	 1	 0	 0	 0	 0	 0	 0	 0	 0	 0	 0	 0	 0	 0	172	 6	-1
 1	 0	 0	 0	 0	 1	 0	 1	 1	 0	 1	 0	 0	 0	 0	 0	 0	 0	 0	 0	 0	 0	 0	 0	174	 4	289
 1	 0	 0	 1	 0	 0	 0	 0	 1	 1	 0	 1	 0	 0	 0	 5	 0	 0	 0	 0	 0	 0	 0	 0	174	 8	-1
 0	 0	 0	 0	 2	 1	 0	 1	 0	 0	 1	 0	 0	 0	 0	 0	 0	 0	 0	 3	 0	 0	 0	 0	175	 3	271
 0	 0	 1	 0	 1	 1	 0	 0	 0	 1	 0	 1	 0	 0	 0	 0	 0	 0	 0	 0	 0	 0	 0	 0	175	 8	-1
 0	 0	 1	 0	 1	 1	 0	 0	 0	 1	 0	 1	 0	 0	 0	 0	 0	 0	 0	 0	 0	 0	 0	 0	176	 1	293
 1	 0	 0	 0	 0	 1	 1	 0	 0	 1	 1	 0	 0	 0	 0	 0	 0	 0	 0	 0	 0	 0	 0	 0	176	 5	-1
 1	 0	 0	 0	 1	 0	 0	 1	 0	 1	 1	 0	 0	 0	 0	 0	 0	 0	 0	 0	 0	 0	 0	 0	176	 6	-1
 1	 0	 0	 0	 0	 1	 1	 0	 0	 1	 1	 0	 0	 0	 0	 0	 0	 0	 0	 0	 0	 0	 0	 0	178	 4	295
 1	 0	 0	 1	 0	 0	 0	 0	 1	 1	 0	 1	 0	 0	 0	 5	 0	 0	 0	 0	 0	 0	 0	 0	178	 7	291
 0	 1	 0	 0	 1	 0	 0	 1	 1	 0	 1	 0	 0	 0	 0	 0	 0	 0	 0	 1	 0	 0	 0	 0	180	 3	-1
 0	 1	 1	 0	 0	 0	 0	 0	 1	 1	 0	 1	 0	 0	 2	 0	 0	 0	 0	 0	 0	 0	 0	 0	180	 8	-1
 1	 0	 0	 0	 0	 1	 0	 1	 1	 0	 1	 0	 0	 0	 0	 0	 0	 0	 0	 2	 0	 0	 0	 0	182	 4	-1
 1	 0	 0	 1	 0	 0	 0	 0	 1	 1	 0	 1	 0	 0	 0	 2	 0	 0	 0	 0	 0	 0	 0	 0	182	 8	-1
 0	 1	 1	 0	 0	 0	 0	 0	 1	 1	 0	 1	 0	 0	 0	 0	 0	 0	 0	 0	 0	 0	 0	 0	185	 1	-1
 1	 0	 0	 1	 0	 0	 0	 0	 1	 1	 0	 1	 0	 0	 0	 0	 0	 0	 0	 0	 0	 0	 0	 0	185	 2	-1
 0	 1	 0	 0	 1	 0	 1	 0	 0	 1	 1	 0	 0	 0	 0	 0	 0	 0	 1	 0	 0	 0	 0	 0	187	 3	-1
 0	 1	 1	 0	 0	 0	 0	 0	 1	 1	 0	 1	 0	 0	 3	 0	 0	 0	 0	 0	 0	 0	 0	 0	187	 7	-1
 1	 0	 0	 0	 0	 1	 1	 0	 0	 1	 1	 0	 0	 0	 0	 0	 0	 0	 2	 0	 0	 0	 0	 0	189	 4	-1
 1	 0	 0	 1	 0	 0	 0	 0	 1	 1	 0	 1	 0	 0	 0	 3	 0	 0	 0	 0	 0	 0	 0	 0	189	 7	-1
 0	 1	 0	 0	 1	 0	 0	 1	 1	 0	 1	 0	 0	 0	 0	 0	 0	 0	 0	 0	 0	 0	 0	 0	194	 3	258
 0	 1	 1	 0	 0	 0	 0	 0	 1	 1	 0	 1	 0	 0	 3	 0	 0	 0	 0	 0	 0	 0	 0	 0	194	 8	-1
 0	 0	 0	 0	 1	 2	 1	 0	 0	 0	 1	 0	 0	 0	 0	 0	 0	 0	 5	 0	 0	 0	 0	 0	195	 3	254
 0	 0	 1	 0	 0	 2	 0	 0	 1	 0	 0	 1	 0	 0	 0	 0	 0	 0	 0	 0	 0	 0	 0	 0	195	 7	-1
 0	 0	 1	 0	 0	 2	 0	 0	 1	 0	 0	 1	 0	 0	 0	 0	 0	 0	 0	 0	 0	 0	 0	 0	196	 1	312
 1	 0	 0	 0	 0	 1	 0	 1	 1	 0	 1	 0	 0	 0	 0	 0	 0	 0	 0	 0	 0	 0	 0	 0	196	 6	-1
 1	 0	 0	 0	 0	 1	 0	 1	 1	 0	 1	 0	 0	 0	 0	 0	 0	 0	 0	 1	 0	 0	 0	 0	198	 4	-1
 1	 0	 0	 1	 0	 0	 0	 0	 1	 1	 0	 1	 0	 0	 0	 3	 0	 0	 0	 0	 0	 0	 0	 0	198	 8	-1
 0	 1	 0	 0	 1	 0	 0	 1	 1	 0	 1	 0	 0	 0	 0	 0	 0	 0	 0	 1	 0	 0	 0	 0	200	 3	-1
 0	 1	 1	 0	 0	 0	 0	 0	 1	 1	 0	 1	 0	 0	 2	 0	 0	 0	 0	 0	 0	 0	 0	 0	200	 8	-1
 1	 0	 0	 0	 0	 1	 0	 1	 1	 0	 1	 0	 0	 0	 0	 0	 0	 0	 0	 2	 0	 0	 0	 0	202	 4	-1
 1	 0	 0	 1	 0	 0	 0	 0	 1	 1	 0	 1	 0	 0	 0	 2	 0	 0	 0	 0	 0	 0	 0	 0	202	 8	-1
 0	 1	 1	 0	 0	 0	 0	 0	 1	 1	 0	 1	 0	 0	 0	 0	 0	 0	 0	 0	 0	 0	 0	 0	205	 1	-1
 1	 0	 0	 1	 0	 0	 0	 0	 1	 1	 0	 1	 0	 0	 0	 0	 0	 0	 0	 0	 0	 0	 0	 0	205	 2	-1
 0	 0	 0	 0	 2	 1	 0	 1	 0	 0	 1	 0	 0	 0	 0	 0	 0	 0	 0	 4	 0	 0	 0	 0	206	 4	-1
 0	 0	 0	 1	 2	 0	 0	 0	 0	 1	 0	 1	 0	 0	 0	 0	 0	 0	 0	 0	 0	 0	 0	 0	206	 8	-1
 0	 0	 0	 1	 2	 0	 0	 0	 0	 1	 0	 1	 0	 0	 0	 0	 0	 0	 0	 0	 0	 0	 0	 0	207	 2	324
 0	 1	 0	 0	 1	 0	 1	 0	 0	 1	 1	 0	 0	 0	 0	 0	 0	 0	 0	 0	 0	 0	 0	 0	207	 5	-1
 0	 1	 0	 0	 1	 0	 1	 0	 0	 1	 1	 0	 0	 0	 0	 0	 0	 0	 0	 0	 0	 0	 0	 0	209	 3	326
 0	 1	 1	 0	 0	 0	 0	 0	 1	 1	 0	 1	 0	 0	 4	 0	 0	 0	 0	 0	 0	 0	 0	 0	209	 7	-1
 0	 0	 0	 0	 2	 1	 0	 1	 0	 0	 1	 0	 0	 0	 0	 0	 0	 0	 0	 4	 0	 0	 0	 0	210	 3	323
 0	 0	 1	 0	 1	 1	 0	 0	 0	 1	 0	 1	 0	 0	 0	 0	 0	 0	 0	 0	 0	 0	 0	 0	210	 8	293
 1	 0	 0	 0	 0	 1	 1	 0	 0	 1	 1	 0	 0	 0	 0	 0	 0	 0	 1	 0	 0	 0	 0	 0	213	 4	-1
 1	 0	 0	 1	 0	 0	 0	 0	 1	 1	 0	 1	 0	 0	 0	 4	 0	 0	 0	 0	 0	 0	 0	 0	213	 7	-1
 0	 1	 0	 0	 1	 0	 1	 0	 0	 1	 1	 0	 0	 0	 0	 0	 0	 0	 1	 0	 0	 0	 0	 0	215	 3	-1
 0	 1	 1	 0	 0	 0	 0	 0	 1	 1	 0	 1	 0	 0	 3	 0	 0	 0	 0	 0	 0	 0	 0	 0	215	 7	-1
 0	 0	 1	 0	 1	 1	 0	 0	 0	 1	 0	 1	 0	 0	 0	 0	 0	 0	 0	 0	 0	 0	 0	 0	216	 1	-1
 1	 0	 0	 0	 0	 1	 1	 0	 0	 1	 1	 0	 0	 0	 0	 0	 0	 0	 0	 0	 0	 0	 0	 0	216	 5	-1
 1	 0	 0	 0	 1	 0	 0	 1	 0	 1	 1	 0	 0	 0	 0	 0	 0	 0	 0	 0	 0	 0	 0	 0	216	 6	-1
 1	 0	 0	 0	 0	 1	 1	 0	 0	 1	 1	 0	 0	 0	 0	 0	 0	 0	 2	 0	 0	 0	 0	 0	217	 4	-1
 1	 0	 0	 1	 0	 0	 0	 0	 1	 1	 0	 1	 0	 0	 0	 3	 0	 0	 0	 0	 0	 0	 0	 0	217	 7	-1
 0	 1	 1	 0	 0	 0	 0	 0	 1	 1	 0	 1	 0	 0	 0	 0	 0	 0	 0	 0	 0	 0	 0	 0	220	 1	-1
 1	 0	 0	 1	 0	 0	 0	 0	 1	 1	 0	 1	 0	 0	 0	 0	 0	 0	 0	 0	 0	 0	 0	 0	220	 2	-1
 0	 0	 0	 0	 2	 1	 0	 1	 0	 0	 1	 0	 0	 0	 0	 0	 0	 0	 0	 2	 0	 0	 0	 0	221	 3	237
 0	 0	 1	 0	 1	 1	 0	 0	 0	 1	 0	 1	 0	 0	 1	 0	 0	 0	 0	 0	 0	 0	 0	 0	221	 8	-1
 1	 0	 0	 0	 1	 0	 0	 1	 0	 1	 1	 0	 0	 0	 0	 0	 0	 0	 0	 0	 0	 0	 0	 0	224	 3	337
 1	 0	 1	 0	 0	 0	 0	 0	 0	 2	 0	 1	 0	 0	 4	 0	 0	 0	 0	 0	 0	 0	 0	 0	224	 8	-1
 1	 0	 0	 0	 1	 0	 0	 1	 0	 1	 1	 0	 0	 0	 0	 0	 0	 0	 0	 1	 0	 0	 0	 0	226	 3	-1
 1	 0	 1	 0	 0	 0	 0	 0	 0	 2	 0	 1	 0	 0	 2	 0	 0	 0	 0	 0	 0	 0	 0	 0	226	 8	-1
 1	 0	 1	 0	 0	 0	 0	 0	 0	 2	 0	 1	 0	 0	 0	 0	 0	 0	 0	 0	 0	 0	 0	 0	228	 1	-1
 1	 0	 0	 0	 1	 0	 0	 1	 0	 1	 1	 0	 0	 0	 0	 0	 0	 0	 0	 1	 0	 0	 0	 0	230	 3	-1
 1	 0	 1	 0	 0	 0	 0	 0	 0	 2	 0	 1	 0	 0	 2	 0	 0	 0	 0	 0	 0	 0	 0	 0	230	 8	-1
 1	 0	 1	 0	 0	 0	 0	 0	 0	 2	 0	 1	 0	 0	 0	 0	 0	 0	 0	 0	 0	 0	 0	 0	232	 1	-1
 0	 0	 0	 0	 1	 2	 0	 0	 1	 0	 1	 1	 0	 0	 0	 0	 0	 0	 0	 0	 0	 0	 0	 0	233	 7	-1
 0	 0	 0	 0	 2	 1	 0	 0	 0	 1	 1	 1	 0	 0	 0	 0	 0	 0	 0	 0	 0	 0	 0	 0	234	 8	-1
 0	 0	 0	 0	 1	 2	 0	 0	 1	 0	 1	 1	 0	 0	 0	 0	 0	 0	 0	 0	 0	 0	 0	 0	235	 7	-1
 0	 0	 0	 0	 1	 2	 0	 0	 1	 0	 1	 1	 0	 0	 0	 0	 0	 0	 0	 0	 0	 0	 0	 0	236	 4	354
 0	 0	 0	 1	 0	 1	 1	 0	 1	 0	 0	 0	 0	 0	 0	 3	 0	 0	 0	 0	 0	 0	 0	 0	236	 5	-1
 0	 0	 0	 1	 1	 0	 0	 1	 1	 0	 0	 0	 0	 0	 0	 3	 0	 0	 0	 0	 0	 0	 0	 0	236	 6	-1
 0	 0	 0	 0	 2	 1	 0	 0	 0	 1	 1	 1	 0	 0	 0	 0	 0	 0	 0	 0	 0	 0	 0	 0	237	 8	-1
 0	 0	 0	 0	 2	 1	 0	 0	 0	 1	 1	 1	 0	 0	 0	 0	 0	 0	 0	 0	 0	 0	 0	 0	238	 4	358
 0	 0	 0	 1	 1	 0	 1	 0	 0	 1	 0	 0	 0	 0	 0	 2	 0	 0	 0	 0	 0	 0	 0	 0	238	 5	-1
 0	 0	 0	 0	 1	 2	 0	 0	 1	 0	 1	 1	 0	 0	 0	 0	 0	 0	 0	 0	 0	 0	 0	 0	239	 4	352
 0	 0	 0	 1	 0	 1	 1	 0	 1	 0	 0	 0	 0	 0	 0	 0	 0	 0	 0	 0	 0	 0	 0	 0	239	 5	-1
 0	 0	 0	 1	 1	 0	 0	 1	 1	 0	 0	 0	 0	 0	 0	 0	 0	 0	 0	 0	 0	 0	 0	 0	239	 6	-1
 0	 0	 0	 1	 0	 1	 1	 0	 1	 0	 0	 0	 0	 0	 0	 0	 0	 0	 0	 0	 0	 0	 0	 0	240	 2	362
 0	 1	 0	 0	 0	 1	 0	 0	 2	 0	 1	 1	 0	 0	 0	 0	 0	 0	 0	 0	 0	 0	 0	 0	240	 7	-1
 0	 0	 0	 1	 1	 0	 0	 1	 1	 0	 0	 0	 0	 0	 0	 0	 0	 0	 0	 0	 0	 0	 0	 0	241	 2	363
 0	 1	 0	 0	 1	 0	 0	 0	 1	 1	 1	 1	 0	 0	 0	 0	 0	 0	 0	 0	 0	 0	 0	 0	241	 8	-1
 0	 0	 0	 0	 2	 1	 0	 0	 0	 1	 1	 1	 0	 0	 0	 0	 0	 0	 0	 0	 0	 0	 0	 0	242	 4	353
 0	 0	 0	 1	 1	 0	 1	 0	 0	 1	 0	 0	 0	 0	 0	 0	 0	 0	 0	 0	 0	 0	 0	 0	242	 5	-1
 0	 0	 0	 1	 1	 0	 1	 0	 0	 1	 0	 0	 0	 0	 0	 0	 0	 0	 0	 0	 0	 0	 0	 0	243	 2	369
 0	 1	 0	 0	 1	 0	 0	 0	 1	 1	 1	 1	 0	 0	 0	 0	 0	 0	 0	 0	 0	 0	 0	 0	243	 7	367
 0	 0	 0	 0	 1	 2	 0	 0	 1	 0	 1	 1	 0	 0	 0	 0	 0	 0	 0	 0	 0	 0	 0	 0	244	 7	-1
 0	 0	 0	 0	 1	 2	 0	 0	 1	 0	 1	 1	 0	 0	 0	 0	 0	 0	 0	 0	 0	 0	 0	 0	245	 4	372
 0	 0	 0	 1	 0	 1	 1	 0	 1	 0	 0	 0	 0	 0	 0	 1	 0	 0	 0	 0	 0	 0	 0	 0	245	 5	-1
 0	 0	 0	 1	 1	 0	 0	 1	 1	 0	 0	 0	 0	 0	 0	 1	 0	 0	 0	 0	 0	 0	 0	 0	245	 6	-1
 0	 0	 0	 0	 1	 2	 0	 0	 1	 0	 1	 1	 0	 0	 0	 0	 0	 0	 0	 0	 0	 0	 0	 0	246	 4	354
 0	 0	 0	 1	 0	 1	 1	 0	 1	 0	 0	 0	 0	 0	 0	 0	 0	 0	 0	 0	 0	 0	 0	 0	246	 5	-1
 0	 0	 0	 1	 1	 0	 0	 1	 1	 0	 0	 0	 0	 0	 0	 0	 0	 0	 0	 0	 0	 0	 0	 0	246	 6	-1
 0	 0	 0	 1	 0	 1	 1	 0	 1	 0	 0	 0	 0	 0	 0	 0	 0	 0	 0	 0	 0	 0	 0	 0	247	 2	377
 0	 1	 0	 0	 0	 1	 0	 0	 2	 0	 1	 1	 0	 0	 0	 0	 0	 0	 0	 0	 0	 0	 0	 0	247	 7	-1
 0	 0	 0	 1	 1	 0	 0	 1	 1	 0	 0	 0	 0	 0	 0	 0	 0	 0	 0	 0	 0	 0	 0	 0	248	 2	378
 0	 1	 0	 0	 1	 0	 0	 0	 1	 1	 1	 1	 0	 0	 0	 0	 0	 0	 0	 0	 0	 0	 0	 0	248	 8	-1
 0	 1	 0	 0	 0	 1	 0	 0	 2	 0	 1	 1	 0	 0	 0	 0	 0	 0	 0	 0	 0	 0	 0	 0	250	 4	380
 0	 0	 0	 1	 0	 1	 1	 0	 1	 0	 0	 0	 0	 0	 0	 0	 0	 0	 2	 0	 0	 0	 0	 0	251	 2	-1
 0	 1	 0	 0	 0	 1	 0	 0	 2	 0	 1	 1	 0	 0	 0	 0	 0	 0	 0	 0	 0	 0	 0	 0	251	 7	380
 0	 1	 0	 0	 0	 1	 0	 0	 2	 0	 1	 1	 0	 0	 0	 0	 0	 0	 0	 0	 0	 0	 0	 0	252	 4	380
 0	 1	 0	 0	 0	 1	 0	 0	 2	 0	 1	 1	 0	 0	 0	 0	 0	 0	 0	 0	 0	 0	 0	 0	253	 4	365
 0	 0	 0	 0	 1	 2	 0	 0	 1	 0	 1	 1	 0	 0	 0	 0	 0	 0	 0	 0	 0	 0	 0	 0	254	 7	372
 0	 0	 0	 0	 1	 2	 0	 0	 1	 0	 1	 1	 0	 0	 0	 0	 0	 0	 0	 0	 0	 0	 0	 0	255	 4	372
 0	 0	 0	 1	 0	 1	 1	 0	 1	 0	 0	 0	 0	 0	 0	 0	 0	 0	 0	 0	 0	 0	 0	 0	255	 5	-1
 0	 0	 0	 1	 1	 0	 0	 1	 1	 0	 0	 0	 0	 0	 0	 0	 0	 0	 0	 0	 0	 0	 0	 0	255	 6	-1
 0	 0	 0	 1	 0	 1	 1	 0	 1	 0	 0	 0	 0	 0	 0	 0	 0	 0	 0	 0	 0	 0	 0	 0	257	 2	390
 0	 1	 0	 0	 0	 1	 0	 0	 2	 0	 1	 1	 0	 0	 0	 0	 0	 0	 0	 0	 0	 0	 0	 0	257	 7	-1
 0	 0	 0	 1	 1	 0	 0	 1	 1	 0	 0	 0	 0	 0	 0	 0	 0	 0	 0	 0	 0	 0	 0	 0	258	 2	391
 0	 1	 0	 0	 1	 0	 0	 0	 1	 1	 1	 1	 0	 0	 0	 0	 0	 0	 0	 0	 0	 0	 0	 0	258	 8	-1
 0	 1	 0	 0	 0	 1	 0	 0	 2	 0	 1	 1	 0	 0	 0	 0	 0	 0	 0	 0	 0	 0	 0	 0	260	 4	393
 0	 0	 0	 0	 1	 2	 0	 0	 1	 0	 1	 1	 0	 0	 0	 0	 0	 0	 0	 0	 0	 0	 0	 0	261	 4	-1
 0	 0	 0	 1	 0	 1	 1	 0	 1	 0	 0	 0	 0	 0	 0	 0	 0	 0	 0	 0	 0	 0	 0	 0	261	 5	-1
 0	 0	 0	 1	 1	 0	 0	 1	 1	 0	 0	 0	 0	 0	 0	 0	 0	 0	 0	 0	 0	 0	 0	 0	261	 6	-1
 0	 0	 0	 1	 0	 1	 1	 0	 1	 0	 0	 0	 0	 0	 0	 0	 0	 0	 0	 0	 0	 0	 0	 0	262	 2	398
 0	 1	 0	 0	 0	 1	 0	 0	 2	 0	 1	 1	 0	 0	 0	 0	 0	 0	 0	 0	 0	 0	 0	 0	262	 7	-1
 0	 0	 0	 1	 1	 0	 0	 1	 1	 0	 0	 0	 0	 0	 0	 0	 0	 0	 0	 0	 0	 0	 0	 0	263	 2	399
 0	 1	 0	 0	 1	 0	 0	 0	 1	 1	 1	 1	 0	 0	 0	 0	 0	 0	 0	 0	 0	 0	 0	 0	263	 8	-1
 0	 0	 0	 1	 0	 1	 1	 0	 1	 0	 0	 0	 0	 0	 0	 0	 0	 0	 2	 0	 0	 0	 0	 0	264	 2	-1
 0	 1	 0	 0	 0	 1	 0	 0	 2	 0	 1	 1	 0	 0	 0	 0	 0	 0	 0	 0	 0	 0	 0	 0	264	 7	393
 0	 1	 0	 0	 0	 1	 0	 0	 2	 0	 1	 1	 0	 0	 0	 0	 0	 0	 0	 0	 0	 0	 0	 0	265	 4	393
 0	 1	 0	 0	 0	 1	 0	 0	 2	 0	 1	 1	 0	 0	 0	 0	 0	 0	 0	 0	 0	 0	 0	 0	266	 4	401
 0	 0	 0	 0	 1	 2	 0	 0	 1	 0	 1	 1	 0	 0	 0	 0	 0	 0	 0	 0	 0	 0	 0	 0	267	 7	372
 0	 0	 0	 0	 1	 2	 0	 0	 1	 0	 1	 1	 0	 0	 0	 0	 0	 0	 0	 0	 0	 0	 0	 0	268	 4	372
 0	 0	 0	 1	 0	 1	 1	 0	 1	 0	 0	 0	 0	 0	 0	 2	 0	 0	 0	 0	 0	 0	 0	 0	268	 5	-1
 0	 0	 0	 1	 1	 0	 0	 1	 1	 0	 0	 0	 0	 0	 0	 2	 0	 0	 0	 0	 0	 0	 0	 0	268	 6	-1
 0	 1	 0	 0	 1	 0	 0	 0	 1	 1	 1	 1	 0	 0	 0	 0	 0	 0	 0	 0	 0	 0	 0	 0	270	 3	403
 0	 0	 0	 0	 2	 1	 0	 0	 0	 1	 1	 1	 0	 0	 0	 0	 0	 0	 0	 0	 0	 0	 0	 0	271	 8	358
 0	 0	 0	 0	 2	 1	 0	 0	 0	 1	 1	 1	 0	 0	 0	 0	 0	 0	 0	 0	 0	 0	 0	 0	272	 4	358
 0	 0	 0	 1	 1	 0	 1	 0	 0	 1	 0	 0	 0	 0	 0	 1	 0	 0	 0	 0	 0	 0	 0	 0	272	 5	-1
 0	 0	 0	 0	 2	 1	 0	 0	 0	 1	 1	 1	 0	 0	 0	 0	 0	 0	 0	 0	 0	 0	 0	 0	273	 4	-1
 0	 0	 0	 1	 1	 0	 1	 0	 0	 1	 0	 0	 0	 0	 0	 0	 0	 0	 0	 0	 0	 0	 0	 0	273	 5	-1
 0	 0	 0	 1	 1	 0	 1	 0	 0	 1	 0	 0	 0	 0	 0	 0	 0	 0	 0	 0	 0	 0	 0	 0	274	 2	417
 0	 1	 0	 0	 1	 0	 0	 0	 1	 1	 1	 1	 0	 0	 0	 0	 0	 0	 0	 0	 0	 0	 0	 0	274	 7	403
 0	 0	 0	 0	 1	 2	 0	 0	 1	 0	 1	 1	 0	 0	 0	 0	 0	 0	 0	 0	 0	 0	 0	 0	277	 7	397
 0	 0	 0	 0	 1	 2	 0	 0	 1	 0	 1	 1	 0	 0	 0	 0	 0	 0	 0	 0	 0	 0	 0	 0	278	 3	397
 0	 0	 1	 0	 0	 1	 0	 1	 1	 0	 0	 0	 0	 0	 3	 0	 0	 0	 0	 0	 0	 0	 0	 0	278	 6	-1
 0	 0	 0	 0	 2	 1	 0	 0	 0	 1	 1	 1	 0	 0	 0	 0	 0	 0	 0	 0	 0	 0	 0	 0	279	 8	416
 0	 0	 0	 0	 2	 1	 0	 0	 0	 1	 1	 1	 0	 0	 0	 0	 0	 0	 0	 0	 0	 0	 0	 0	280	 3	416
 0	 0	 1	 0	 0	 1	 1	 0	 0	 1	 0	 0	 0	 0	 2	 0	 0	 0	 0	 0	 0	 0	 0	 0	280	 5	-1
 0	 0	 1	 0	 1	 0	 0	 1	 0	 1	 0	 0	 0	 0	 2	 0	 0	 0	 0	 0	 0	 0	 0	 0	280	 6	-1
 0	 0	 0	 0	 1	 2	 0	 0	 1	 0	 1	 1	 0	 0	 0	 0	 0	 0	 0	 0	 0	 0	 0	 0	281	 3	352
 0	 0	 1	 0	 0	 1	 0	 1	 1	 0	 0	 0	 0	 0	 0	 0	 0	 0	 0	 0	 0	 0	 0	 0	281	 6	-1
 0	 0	 1	 0	 0	 1	 0	 1	 1	 0	 0	 0	 0	 0	 0	 0	 0	 0	 0	 0	 0	 0	 0	 0	282	 1	428
 1	 0	 0	 0	 0	 1	 0	 0	 1	 1	 1	 1	 0	 0	 0	 0	 0	 0	 0	 0	 0	 0	 0	 0	282	 8	-1
 0	 0	 0	 0	 2	 1	 0	 0	 0	 1	 1	 1	 0	 0	 0	 0	 0	 0	 0	 0	 0	 0	 0	 0	283	 3	353
 0	 0	 1	 0	 0	 1	 1	 0	 0	 1	 0	 0	 0	 0	 0	 0	 0	 0	 0	 0	 0	 0	 0	 0	283	 5	-1
 0	 0	 1	 0	 1	 0	 0	 1	 0	 1	 0	 0	 0	 0	 0	 0	 0	 0	 0	 0	 0	 0	 0	 0	283	 6	-1
 0	 0	 1	 0	 0	 1	 1	 0	 0	 1	 0	 0	 0	 0	 0	 0	 0	 0	 0	 0	 0	 0	 0	 0	284	 1	432
 1	 0	 0	 0	 0	 1	 0	 0	 1	 1	 1	 1	 0	 0	 0	 0	 0	 0	 0	 0	 0	 0	 0	 0	284	 7	430
 0	 0	 1	 0	 1	 0	 0	 1	 0	 1	 0	 0	 0	 0	 0	 0	 0	 0	 0	 0	 0	 0	 0	 0	285	 1	433
 1	 0	 0	 0	 1	 0	 0	 0	 0	 2	 1	 1	 0	 0	 0	 0	 0	 0	 0	 0	 0	 0	 0	 0	285	 8	-1
 0	 0	 0	 0	 1	 2	 0	 0	 1	 0	 1	 1	 0	 0	 0	 0	 0	 0	 0	 0	 0	 0	 0	 0	287	 3	372
 0	 0	 1	 0	 0	 1	 0	 1	 1	 0	 0	 0	 0	 0	 1	 0	 0	 0	 0	 0	 0	 0	 0	 0	287	 6	-1
 0	 0	 0	 0	 1	 2	 0	 0	 1	 0	 1	 1	 0	 0	 0	 0	 0	 0	 0	 0	 0	 0	 0	 0	288	 3	354
 0	 0	 1	 0	 0	 1	 0	 1	 1	 0	 0	 0	 0	 0	 0	 0	 0	 0	 0	 0	 0	 0	 0	 0	288	 6	-1
 0	 0	 1	 0	 0	 1	 0	 1	 1	 0	 0	 0	 0	 0	 0	 0	 0	 0	 0	 0	 0	 0	 0	 0	289	 1	441
 1	 0	 0	 0	 0	 1	 0	 0	 1	 1	 1	 1	 0	 0	 0	 0	 0	 0	 0	 0	 0	 0	 0	 0	289	 8	-1
 1	 0	 0	 0	 0	 1	 0	 0	 1	 1	 1	 1	 0	 0	 0	 0	 0	 0	 0	 0	 0	 0	 0	 0	291	 4	443
 0	 0	 0	 0	 2	 1	 0	 0	 0	 1	 1	 1	 0	 0	 0	 0	 0	 0	 0	 0	 0	 0	 0	 0	293	 3	358
 0	 0	 1	 0	 0	 1	 1	 0	 0	 1	 0	 0	 0	 0	 0	 0	 0	 0	 0	 0	 0	 0	 0	 0	293	 5	-1
 0	 0	 1	 0	 1	 0	 0	 1	 0	 1	 0	 0	 0	 0	 0	 0	 0	 0	 0	 0	 0	 0	 0	 0	293	 6	-1
 0	 0	 1	 0	 0	 1	 1	 0	 0	 1	 0	 0	 0	 0	 0	 0	 0	 0	 0	 0	 0	 0	 0	 0	295	 1	446
 1	 0	 0	 0	 0	 1	 0	 0	 1	 1	 1	 1	 0	 0	 0	 0	 0	 0	 0	 0	 0	 0	 0	 0	295	 7	443
 0	 0	 1	 0	 1	 0	 0	 1	 0	 1	 0	 0	 0	 0	 0	 0	 0	 0	 0	 0	 0	 0	 0	 0	296	 1	447
 1	 0	 0	 0	 1	 0	 0	 0	 0	 2	 1	 1	 0	 0	 0	 0	 0	 0	 0	 0	 0	 0	 0	 0	296	 8	-1
 0	 0	 0	 1	 1	 0	 0	 1	 1	 0	 0	 0	 0	 0	 0	 0	 0	 0	 0	 1	 0	 0	 0	 0	299	 2	-1
 0	 1	 0	 0	 1	 0	 0	 0	 1	 1	 1	 1	 0	 0	 0	 0	 0	 0	 0	 0	 0	 0	 0	 0	299	 8	403
 0	 1	 0	 0	 1	 0	 0	 0	 1	 1	 1	 1	 0	 0	 0	 0	 0	 0	 0	 0	 0	 0	 0	 0	300	 3	403
 0	 0	 1	 0	 0	 1	 0	 1	 1	 0	 0	 0	 0	 0	 0	 0	 0	 0	 0	 2	 0	 0	 0	 0	301	 1	-1
 1	 0	 0	 0	 0	 1	 0	 0	 1	 1	 1	 1	 0	 0	 0	 0	 0	 0	 0	 0	 0	 0	 0	 0	301	 8	443
 1	 0	 0	 0	 0	 1	 0	 0	 1	 1	 1	 1	 0	 0	 0	 0	 0	 0	 0	 0	 0	 0	 0	 0	302	 4	443
 0	 1	 0	 0	 1	 0	 0	 0	 1	 1	 1	 1	 0	 0	 0	 0	 0	 0	 0	 0	 0	 0	 0	 0	303	 3	367
 1	 0	 0	 0	 0	 1	 0	 0	 1	 1	 1	 1	 0	 0	 0	 0	 0	 0	 0	 0	 0	 0	 0	 0	304	 4	430
 0	 0	 0	 1	 1	 0	 1	 0	 0	 1	 0	 0	 0	 0	 0	 0	 0	 0	 1	 0	 0	 0	 0	 0	305	 2	-1
 0	 1	 0	 0	 1	 0	 0	 0	 1	 1	 1	 1	 0	 0	 0	 0	 0	 0	 0	 0	 0	 0	 0	 0	305	 7	403
 0	 1	 0	 0	 1	 0	 0	 0	 1	 1	 1	 1	 0	 0	 0	 0	 0	 0	 0	 0	 0	 0	 0	 0	306	 3	403
 0	 0	 1	 0	 0	 1	 1	 0	 0	 1	 0	 0	 0	 0	 0	 0	 0	 0	 2	 0	 0	 0	 0	 0	307	 1	-1
 1	 0	 0	 0	 0	 1	 0	 0	 1	 1	 1	 1	 0	 0	 0	 0	 0	 0	 0	 0	 0	 0	 0	 0	307	 7	443
 1	 0	 0	 0	 0	 1	 0	 0	 1	 1	 1	 1	 0	 0	 0	 0	 0	 0	 0	 0	 0	 0	 0	 0	308	 4	443
 0	 1	 0	 0	 1	 0	 0	 0	 1	 1	 1	 1	 0	 0	 0	 0	 0	 0	 0	 0	 0	 0	 0	 0	310	 3	395
 0	 0	 0	 0	 1	 2	 0	 0	 1	 0	 1	 1	 0	 0	 0	 0	 0	 0	 0	 0	 0	 0	 0	 0	312	 3	372
 0	 0	 1	 0	 0	 1	 0	 1	 1	 0	 0	 0	 0	 0	 0	 0	 0	 0	 0	 0	 0	 0	 0	 0	312	 6	-1
 0	 0	 1	 0	 0	 1	 0	 1	 1	 0	 0	 0	 0	 0	 0	 0	 0	 0	 0	 0	 0	 0	 0	 0	314	 1	468
 1	 0	 0	 0	 0	 1	 0	 0	 1	 1	 1	 1	 0	 0	 0	 0	 0	 0	 0	 0	 0	 0	 0	 0	314	 8	-1
 0	 0	 1	 0	 0	 1	 0	 1	 1	 0	 0	 0	 0	 0	 0	 0	 0	 0	 0	 1	 0	 0	 0	 0	315	 1	-1
 1	 0	 0	 0	 0	 1	 0	 0	 1	 1	 1	 1	 0	 0	 0	 0	 0	 0	 0	 0	 0	 0	 0	 0	315	 8	-1
 1	 0	 0	 0	 0	 1	 0	 0	 1	 1	 1	 1	 0	 0	 0	 0	 0	 0	 0	 0	 0	 0	 0	 0	316	 4	472
 0	 0	 0	 1	 1	 0	 0	 1	 1	 0	 0	 0	 0	 0	 0	 0	 0	 0	 0	 1	 0	 0	 0	 0	317	 2	-1
 0	 1	 0	 0	 1	 0	 0	 0	 1	 1	 1	 1	 0	 0	 0	 0	 0	 0	 0	 0	 0	 0	 0	 0	317	 8	395
 0	 1	 0	 0	 1	 0	 0	 0	 1	 1	 1	 1	 0	 0	 0	 0	 0	 0	 0	 0	 0	 0	 0	 0	318	 3	395
 0	 0	 1	 0	 0	 1	 0	 1	 1	 0	 0	 0	 0	 0	 0	 0	 0	 0	 0	 2	 0	 0	 0	 0	319	 1	-1
 1	 0	 0	 0	 0	 1	 0	 0	 1	 1	 1	 1	 0	 0	 0	 0	 0	 0	 0	 0	 0	 0	 0	 0	319	 8	472
 1	 0	 0	 0	 0	 1	 0	 0	 1	 1	 1	 1	 0	 0	 0	 0	 0	 0	 0	 0	 0	 0	 0	 0	320	 4	472
 0	 1	 0	 0	 1	 0	 0	 0	 1	 1	 1	 1	 0	 0	 0	 0	 0	 0	 0	 0	 0	 0	 0	 0	321	 3	382
 1	 0	 0	 0	 0	 1	 0	 0	 1	 1	 1	 1	 0	 0	 0	 0	 0	 0	 0	 0	 0	 0	 0	 0	322	 4	443
 0	 0	 0	 0	 2	 1	 0	 0	 0	 1	 1	 1	 0	 0	 0	 0	 0	 0	 0	 0	 0	 0	 0	 0	323	 8	358
 0	 0	 0	 0	 2	 1	 0	 0	 0	 1	 1	 1	 0	 0	 0	 0	 0	 0	 0	 0	 0	 0	 0	 0	324	 4	358
 0	 0	 0	 1	 1	 0	 1	 0	 0	 1	 0	 0	 0	 0	 0	 0	 0	 0	 0	 0	 0	 0	 0	 0	324	 5	-1
 0	 0	 0	 1	 1	 0	 1	 0	 0	 1	 0	 0	 0	 0	 0	 0	 0	 0	 0	 0	 0	 0	 0	 0	326	 2	484
 0	 1	 0	 0	 1	 0	 0	 0	 1	 1	 1	 1	 0	 0	 0	 0	 0	 0	 0	 0	 0	 0	 0	 0	326	 7	382
 0	 1	 0	 0	 1	 0	 0	 0	 1	 1	 1	 1	 0	 0	 0	 0	 0	 0	 0	 0	 0	 0	 0	 0	328	 3	382
 0	 0	 1	 0	 0	 1	 1	 0	 0	 1	 0	 0	 0	 0	 0	 0	 0	 0	 1	 0	 0	 0	 0	 0	331	 1	-1
 1	 0	 0	 0	 0	 1	 0	 0	 1	 1	 1	 1	 0	 0	 0	 0	 0	 0	 0	 0	 0	 0	 0	 0	331	 7	470
 1	 0	 0	 0	 0	 1	 0	 0	 1	 1	 1	 1	 0	 0	 0	 0	 0	 0	 0	 0	 0	 0	 0	 0	332	 4	470
 0	 0	 0	 1	 1	 0	 1	 0	 0	 1	 0	 0	 0	 0	 0	 0	 0	 0	 1	 0	 0	 0	 0	 0	333	 2	-1
 0	 1	 0	 0	 1	 0	 0	 0	 1	 1	 1	 1	 0	 0	 0	 0	 0	 0	 0	 0	 0	 0	 0	 0	333	 7	382
 0	 1	 0	 0	 1	 0	 0	 0	 1	 1	 1	 1	 0	 0	 0	 0	 0	 0	 0	 0	 0	 0	 0	 0	334	 3	382
 0	 0	 0	 0	 2	 1	 0	 0	 0	 1	 1	 1	 0	 0	 0	 0	 0	 0	 0	 0	 0	 0	 0	 0	335	 3	416
 0	 0	 1	 0	 0	 1	 1	 0	 0	 1	 0	 0	 0	 0	 0	 0	 0	 0	 0	 0	 0	 0	 0	 0	335	 5	-1
 0	 0	 1	 0	 1	 0	 0	 1	 0	 1	 0	 0	 0	 0	 0	 0	 0	 0	 0	 0	 0	 0	 0	 0	335	 6	-1
 0	 0	 1	 0	 0	 1	 1	 0	 0	 1	 0	 0	 0	 0	 0	 0	 0	 0	 0	 0	 0	 0	 0	 0	336	 1	495
 1	 0	 0	 0	 0	 1	 0	 0	 1	 1	 1	 1	 0	 0	 0	 0	 0	 0	 0	 0	 0	 0	 0	 0	336	 7	-1
 0	 0	 1	 0	 1	 0	 0	 1	 0	 1	 0	 0	 0	 0	 0	 0	 0	 0	 0	 0	 0	 0	 0	 0	337	 1	496
 1	 0	 0	 0	 1	 0	 0	 0	 0	 2	 1	 1	 0	 0	 0	 0	 0	 0	 0	 0	 0	 0	 0	 0	337	 8	-1
 0	 0	 1	 0	 0	 1	 1	 0	 0	 1	 0	 0	 0	 0	 0	 0	 0	 0	 2	 0	 0	 0	 0	 0	338	 1	-1
 1	 0	 0	 0	 0	 1	 0	 0	 1	 1	 1	 1	 0	 0	 0	 0	 0	 0	 0	 0	 0	 0	 0	 0	338	 7	470
 1	 0	 0	 0	 0	 1	 0	 0	 1	 1	 1	 1	 0	 0	 0	 0	 0	 0	 0	 0	 0	 0	 0	 0	339	 4	470
 0	 1	 0	 0	 1	 0	 0	 0	 1	 1	 1	 1	 0	 0	 0	 0	 0	 0	 0	 0	 0	 0	 0	 0	340	 3	403
 1	 0	 0	 0	 0	 1	 0	 0	 1	 1	 1	 1	 0	 0	 0	 0	 0	 0	 0	 0	 0	 0	 0	 0	341	 4	498
 0	 0	 0	 0	 2	 1	 0	 0	 0	 1	 1	 1	 0	 0	 0	 0	 0	 0	 0	 0	 0	 0	 0	 0	343	 3	358
 0	 0	 1	 0	 0	 1	 1	 0	 0	 1	 0	 0	 0	 0	 1	 0	 0	 0	 0	 0	 0	 0	 0	 0	343	 5	-1
 0	 0	 1	 0	 1	 0	 0	 1	 0	 1	 0	 0	 0	 0	 1	 0	 0	 0	 0	 0	 0	 0	 0	 0	343	 6	-1
 1	 0	 0	 0	 1	 0	 0	 0	 0	 2	 1	 1	 0	 0	 0	 0	 0	 0	 0	 0	 0	 0	 0	 0	345	 3	500
 0	 0	 1	 0	 1	 0	 0	 1	 0	 1	 0	 0	 0	 0	 0	 0	 0	 0	 0	 1	 0	 0	 0	 0	346	 1	-1
 1	 0	 0	 0	 1	 0	 0	 0	 0	 2	 1	 1	 0	 0	 0	 0	 0	 0	 0	 0	 0	 0	 0	 0	346	 8	500
 1	 0	 0	 0	 1	 0	 0	 0	 0	 2	 1	 1	 0	 0	 0	 0	 0	 0	 0	 0	 0	 0	 0	 0	347	 3	500
 1	 0	 0	 0	 1	 0	 0	 0	 0	 2	 1	 1	 0	 0	 0	 0	 0	 0	 0	 0	 0	 0	 0	 0	348	 3	437
 0	 0	 1	 0	 1	 0	 0	 1	 0	 1	 0	 0	 0	 0	 0	 0	 0	 0	 0	 1	 0	 0	 0	 0	349	 1	-1
 1	 0	 0	 0	 1	 0	 0	 0	 0	 2	 1	 1	 0	 0	 0	 0	 0	 0	 0	 0	 0	 0	 0	 0	349	 8	-1
 1	 0	 0	 0	 1	 0	 0	 0	 0	 2	 1	 1	 0	 0	 0	 0	 0	 0	 0	 0	 0	 0	 0	 0	350	 3	515
 1	 0	 0	 0	 1	 0	 0	 0	 0	 2	 1	 1	 0	 0	 0	 0	 0	 0	 0	 0	 0	 0	 0	 0	351	 3	451
 0	 0	 0	 0	 0	 2	 1	 0	 1	 0	 1	 0	 0	 0	 0	 0	 0	 0	 0	 0	 0	 0	 0	 0	352	 5	-1
 0	 0	 0	 0	 1	 1	 0	 1	 1	 0	 1	 0	 0	 0	 0	 0	 0	 0	 0	 0	 0	 0	 0	 0	352	 6	-1
 0	 0	 0	 0	 1	 1	 1	 0	 0	 1	 1	 0	 0	 0	 0	 0	 0	 0	 0	 0	 0	 0	 0	 0	353	 5	-1
 0	 0	 0	 0	 2	 0	 0	 1	 0	 1	 1	 0	 0	 0	 0	 0	 0	 0	 0	 0	 0	 0	 0	 0	353	 6	-1
 0	 0	 0	 0	 0	 2	 1	 0	 1	 0	 1	 0	 0	 0	 0	 0	 0	 0	 0	 0	 0	 0	 0	 0	354	 5	-1
 0	 0	 0	 0	 1	 1	 0	 1	 1	 0	 1	 0	 0	 0	 0	 0	 0	 0	 0	 0	 0	 0	 0	 0	354	 6	-1
 0	 0	 0	 0	 0	 2	 1	 0	 1	 0	 1	 0	 0	 0	 0	 0	 0	 0	 0	 0	 0	 0	 0	 0	356	 4	522
 0	 0	 0	 1	 0	 1	 0	 0	 2	 0	 0	 1	 0	 0	 0	 6	 0	 0	 0	 0	 0	 0	 0	 0	356	 7	-1
 0	 0	 0	 0	 1	 1	 0	 1	 1	 0	 1	 0	 0	 0	 0	 0	 0	 0	 0	 0	 0	 0	 0	 0	357	 4	523
 0	 0	 0	 1	 1	 0	 0	 0	 1	 1	 0	 1	 0	 0	 0	 5	 0	 0	 0	 0	 0	 0	 0	 0	357	 8	-1
 0	 0	 0	 0	 1	 1	 1	 0	 0	 1	 1	 0	 0	 0	 0	 0	 0	 0	 0	 0	 0	 0	 0	 0	358	 5	-1
 0	 0	 0	 0	 2	 0	 0	 1	 0	 1	 1	 0	 0	 0	 0	 0	 0	 0	 0	 0	 0	 0	 0	 0	358	 6	-1
 0	 0	 0	 0	 1	 1	 1	 0	 0	 1	 1	 0	 0	 0	 0	 0	 0	 0	 0	 0	 0	 0	 0	 0	360	 4	528
 0	 0	 0	 1	 1	 0	 0	 0	 1	 1	 0	 1	 0	 0	 0	 5	 0	 0	 0	 0	 0	 0	 0	 0	360	 7	527
 0	 0	 0	 0	 0	 2	 1	 0	 1	 0	 1	 0	 0	 0	 0	 0	 0	 0	 2	 0	 0	 0	 0	 0	362	 4	-1
 0	 0	 0	 1	 0	 1	 0	 0	 2	 0	 0	 1	 0	 0	 0	 3	 0	 0	 0	 0	 0	 0	 0	 0	362	 7	-1
 0	 0	 0	 0	 1	 1	 0	 1	 1	 0	 1	 0	 0	 0	 0	 0	 0	 0	 0	 2	 0	 0	 0	 0	363	 4	-1
 0	 0	 0	 1	 1	 0	 0	 0	 1	 1	 0	 1	 0	 0	 0	 2	 0	 0	 0	 0	 0	 0	 0	 0	363	 8	-1
 0	 0	 0	 1	 0	 1	 0	 0	 2	 0	 0	 1	 0	 0	 0	 0	 0	 0	 0	 0	 0	 0	 0	 0	365	 2	-1
 0	 1	 0	 0	 0	 0	 0	 1	 2	 0	 1	 0	 0	 0	 0	 0	 0	 0	 0	 0	 0	 0	 0	 0	365	 6	-1
 0	 0	 0	 1	 1	 0	 0	 0	 1	 1	 0	 1	 0	 0	 0	 0	 0	 0	 0	 0	 0	 0	 0	 0	367	 2	-1
 0	 1	 0	 0	 0	 0	 1	 0	 1	 1	 1	 0	 0	 0	 0	 0	 0	 0	 0	 0	 0	 0	 0	 0	367	 5	-1
 0	 0	 0	 0	 1	 1	 1	 0	 0	 1	 1	 0	 0	 0	 0	 0	 0	 0	 2	 0	 0	 0	 0	 0	369	 4	-1
 0	 0	 0	 1	 1	 0	 0	 0	 1	 1	 0	 1	 0	 0	 0	 3	 0	 0	 0	 0	 0	 0	 0	 0	369	 7	-1
 0	 0	 0	 0	 0	 2	 1	 0	 1	 0	 1	 0	 0	 0	 0	 0	 0	 0	 0	 0	 0	 0	 0	 0	372	 5	-1
 0	 0	 0	 0	 1	 1	 0	 1	 1	 0	 1	 0	 0	 0	 0	 0	 0	 0	 0	 0	 0	 0	 0	 0	372	 6	-1
 0	 0	 0	 0	 0	 2	 1	 0	 1	 0	 1	 0	 0	 0	 0	 0	 0	 0	 1	 0	 0	 0	 0	 0	374	 4	-1
 0	 0	 0	 1	 0	 1	 0	 0	 2	 0	 0	 1	 0	 0	 0	 4	 0	 0	 0	 0	 0	 0	 0	 0	374	 7	-1
 0	 0	 0	 0	 1	 1	 0	 1	 1	 0	 1	 0	 0	 0	 0	 0	 0	 0	 0	 1	 0	 0	 0	 0	375	 4	-1
 0	 0	 0	 1	 1	 0	 0	 0	 1	 1	 0	 1	 0	 0	 0	 3	 0	 0	 0	 0	 0	 0	 0	 0	375	 8	-1
 0	 0	 0	 0	 0	 2	 1	 0	 1	 0	 1	 0	 0	 0	 0	 0	 0	 0	 2	 0	 0	 0	 0	 0	377	 4	-1
 0	 0	 0	 1	 0	 1	 0	 0	 2	 0	 0	 1	 0	 0	 0	 3	 0	 0	 0	 0	 0	 0	 0	 0	377	 7	-1
 0	 0	 0	 0	 1	 1	 0	 1	 1	 0	 1	 0	 0	 0	 0	 0	 0	 0	 0	 2	 0	 0	 0	 0	378	 4	-1
 0	 0	 0	 1	 1	 0	 0	 0	 1	 1	 0	 1	 0	 0	 0	 2	 0	 0	 0	 0	 0	 0	 0	 0	378	 8	-1
 0	 0	 0	 1	 0	 1	 0	 0	 2	 0	 0	 1	 0	 0	 0	 0	 0	 0	 0	 0	 0	 0	 0	 0	380	 2	-1
 0	 1	 0	 0	 0	 0	 0	 1	 2	 0	 1	 0	 0	 0	 0	 0	 0	 0	 0	 0	 0	 0	 0	 0	380	 6	-1
 0	 0	 0	 1	 1	 0	 0	 0	 1	 1	 0	 1	 0	 0	 0	 0	 0	 0	 0	 0	 0	 0	 0	 0	382	 2	-1
 0	 1	 0	 0	 0	 0	 1	 0	 1	 1	 1	 0	 0	 0	 0	 0	 0	 0	 0	 0	 0	 0	 0	 0	382	 5	-1
 0	 0	 0	 0	 0	 2	 1	 0	 1	 0	 1	 0	 0	 0	 0	 0	 0	 0	 4	 0	 0	 0	 0	 0	384	 4	-1
 0	 0	 0	 1	 0	 1	 0	 0	 2	 0	 0	 1	 0	 0	 0	 1	 0	 0	 0	 0	 0	 0	 0	 0	384	 7	-1
 0	 0	 0	 0	 0	 2	 1	 0	 1	 0	 1	 0	 0	 0	 0	 0	 0	 0	 2	 0	 0	 0	 0	 0	390	 4	-1
 0	 0	 0	 1	 0	 1	 0	 0	 2	 0	 0	 1	 0	 0	 0	 3	 0	 0	 0	 0	 0	 0	 0	 0	390	 7	-1
 0	 0	 0	 0	 1	 1	 0	 1	 1	 0	 1	 0	 0	 0	 0	 0	 0	 0	 0	 2	 0	 0	 0	 0	391	 4	-1
 0	 0	 0	 1	 1	 0	 0	 0	 1	 1	 0	 1	 0	 0	 0	 2	 0	 0	 0	 0	 0	 0	 0	 0	391	 8	-1
 0	 0	 0	 1	 0	 1	 0	 0	 2	 0	 0	 1	 0	 0	 0	 0	 0	 0	 0	 0	 0	 0	 0	 0	393	 2	-1
 0	 1	 0	 0	 0	 0	 0	 1	 2	 0	 1	 0	 0	 0	 0	 0	 0	 0	 0	 0	 0	 0	 0	 0	393	 6	-1
 0	 0	 0	 1	 1	 0	 0	 0	 1	 1	 0	 1	 0	 0	 0	 0	 0	 0	 0	 0	 0	 0	 0	 0	395	 2	-1
 0	 1	 0	 0	 0	 0	 1	 0	 1	 1	 1	 0	 0	 0	 0	 0	 0	 0	 0	 0	 0	 0	 0	 0	395	 5	-1
 0	 0	 0	 0	 0	 2	 1	 0	 1	 0	 1	 0	 0	 0	 0	 0	 0	 0	 0	 0	 0	 0	 0	 0	397	 5	-1
 0	 0	 0	 0	 1	 1	 0	 1	 1	 0	 1	 0	 0	 0	 0	 0	 0	 0	 0	 0	 0	 0	 0	 0	397	 6	-1
 0	 0	 0	 0	 0	 2	 1	 0	 1	 0	 1	 0	 0	 0	 0	 0	 0	 0	 2	 0	 0	 0	 0	 0	398	 4	-1
 0	 0	 0	 1	 0	 1	 0	 0	 2	 0	 0	 1	 0	 0	 0	 3	 0	 0	 0	 0	 0	 0	 0	 0	398	 7	-1
 0	 0	 0	 0	 1	 1	 0	 1	 1	 0	 1	 0	 0	 0	 0	 0	 0	 0	 0	 2	 0	 0	 0	 0	399	 4	-1
 0	 0	 0	 1	 1	 0	 0	 0	 1	 1	 0	 1	 0	 0	 0	 2	 0	 0	 0	 0	 0	 0	 0	 0	399	 8	-1
 0	 0	 0	 1	 0	 1	 0	 0	 2	 0	 0	 1	 0	 0	 0	 0	 0	 0	 0	 0	 0	 0	 0	 0	401	 2	-1
 0	 1	 0	 0	 0	 0	 0	 1	 2	 0	 1	 0	 0	 0	 0	 0	 0	 0	 0	 0	 0	 0	 0	 0	401	 6	-1
 0	 0	 0	 1	 1	 0	 0	 0	 1	 1	 0	 1	 0	 0	 0	 0	 0	 0	 0	 0	 0	 0	 0	 0	403	 2	-1
 0	 1	 0	 0	 0	 0	 1	 0	 1	 1	 1	 0	 0	 0	 0	 0	 0	 0	 0	 0	 0	 0	 0	 0	403	 5	-1
 0	 0	 0	 0	 0	 2	 1	 0	 1	 0	 1	 0	 0	 0	 0	 0	 0	 0	 4	 0	 0	 0	 0	 0	404	 4	-1
 0	 0	 0	 1	 0	 1	 0	 0	 2	 0	 0	 1	 0	 0	 0	 1	 0	 0	 0	 0	 0	 0	 0	 0	404	 7	-1
 0	 0	 0	 0	 0	 2	 1	 0	 1	 0	 1	 0	 0	 0	 0	 0	 0	 0	 0	 0	 0	 0	 0	 0	410	 4	542
 0	 0	 0	 1	 0	 1	 0	 0	 2	 0	 0	 1	 0	 0	 0	 5	 0	 0	 0	 0	 0	 0	 0	 0	410	 7	-1
 0	 0	 0	 0	 1	 1	 0	 1	 1	 0	 1	 0	 0	 0	 0	 0	 0	 0	 0	 0	 0	 0	 0	 0	411	 4	543
 0	 0	 0	 1	 1	 0	 0	 0	 1	 1	 0	 1	 0	 0	 0	 4	 0	 0	 0	 0	 0	 0	 0	 0	411	 8	-1
 0	 0	 0	 0	 1	 1	 1	 0	 0	 1	 1	 0	 0	 0	 0	 0	 0	 0	 1	 0	 0	 0	 0	 0	415	 4	-1
 0	 0	 0	 1	 1	 0	 0	 0	 1	 1	 0	 1	 0	 0	 0	 4	 0	 0	 0	 0	 0	 0	 0	 0	415	 7	581
 0	 0	 0	 0	 1	 1	 1	 0	 0	 1	 1	 0	 0	 0	 0	 0	 0	 0	 0	 0	 0	 0	 0	 0	416	 5	-1
 0	 0	 0	 0	 2	 0	 0	 1	 0	 1	 1	 0	 0	 0	 0	 0	 0	 0	 0	 0	 0	 0	 0	 0	416	 6	-1
 0	 0	 0	 0	 1	 1	 1	 0	 0	 1	 1	 0	 0	 0	 0	 0	 0	 0	 2	 0	 0	 0	 0	 0	417	 4	-1
 0	 0	 0	 1	 1	 0	 0	 0	 1	 1	 0	 1	 0	 0	 0	 3	 0	 0	 0	 0	 0	 0	 0	 0	417	 7	-1
 0	 0	 0	 0	 1	 1	 0	 1	 1	 0	 1	 0	 0	 0	 0	 0	 0	 0	 0	 0	 0	 0	 0	 0	422	 3	567
 0	 0	 1	 0	 0	 1	 0	 0	 1	 1	 0	 1	 0	 0	 5	 0	 0	 0	 0	 0	 0	 0	 0	 0	422	 8	-1
 0	 0	 0	 0	 1	 1	 1	 0	 0	 1	 1	 0	 0	 0	 0	 0	 0	 0	 0	 0	 0	 0	 0	 0	425	 3	584
 0	 0	 1	 0	 0	 1	 0	 0	 1	 1	 0	 1	 0	 0	 5	 0	 0	 0	 0	 0	 0	 0	 0	 0	425	 7	589
 0	 0	 0	 0	 2	 0	 0	 1	 0	 1	 1	 0	 0	 0	 0	 0	 0	 0	 0	 0	 0	 0	 0	 0	426	 3	585
 0	 0	 1	 0	 1	 0	 0	 0	 0	 2	 0	 1	 0	 0	 4	 0	 0	 0	 0	 0	 0	 0	 0	 0	426	 8	-1
 0	 0	 0	 0	 1	 1	 0	 1	 1	 0	 1	 0	 0	 0	 0	 0	 0	 0	 0	 1	 0	 0	 0	 0	428	 3	-1
 0	 0	 1	 0	 0	 1	 0	 0	 1	 1	 0	 1	 0	 0	 2	 0	 0	 0	 0	 0	 0	 0	 0	 0	428	 8	-1
 0	 0	 1	 0	 0	 1	 0	 0	 1	 1	 0	 1	 0	 0	 0	 0	 0	 0	 0	 0	 0	 0	 0	 0	430	 1	-1
 1	 0	 0	 0	 0	 0	 0	 1	 1	 1	 1	 0	 0	 0	 0	 0	 0	 0	 0	 0	 0	 0	 0	 0	430	 6	-1
 0	 0	 0	 0	 1	 1	 1	 0	 0	 1	 1	 0	 0	 0	 0	 0	 0	 0	 1	 0	 0	 0	 0	 0	432	 3	-1
 0	 0	 1	 0	 0	 1	 0	 0	 1	 1	 0	 1	 0	 0	 3	 0	 0	 0	 0	 0	 0	 0	 0	 0	432	 7	-1
 0	 0	 0	 0	 2	 0	 0	 1	 0	 1	 1	 0	 0	 0	 0	 0	 0	 0	 0	 1	 0	 0	 0	 0	433	 3	-1
 0	 0	 1	 0	 1	 0	 0	 0	 0	 2	 0	 1	 0	 0	 2	 0	 0	 0	 0	 0	 0	 0	 0	 0	433	 8	-1
 0	 0	 1	 0	 1	 0	 0	 0	 0	 2	 0	 1	 0	 0	 0	 0	 0	 0	 0	 0	 0	 0	 0	 0	437	 1	-1
 1	 0	 0	 0	 0	 0	 1	 0	 0	 2	 1	 0	 0	 0	 0	 0	 0	 0	 0	 0	 0	 0	 0	 0	437	 5	-1
 0	 0	 0	 0	 1	 1	 0	 1	 1	 0	 1	 0	 0	 0	 0	 0	 0	 0	 0	 0	 0	 0	 0	 0	439	 3	543
 0	 0	 1	 0	 0	 1	 0	 0	 1	 1	 0	 1	 0	 0	 3	 0	 0	 0	 0	 0	 0	 0	 0	 0	439	 8	-1
 0	 0	 0	 0	 1	 1	 0	 1	 1	 0	 1	 0	 0	 0	 0	 0	 0	 0	 0	 1	 0	 0	 0	 0	441	 3	-1
 0	 0	 1	 0	 0	 1	 0	 0	 1	 1	 0	 1	 0	 0	 2	 0	 0	 0	 0	 0	 0	 0	 0	 0	441	 8	-1
 0	 0	 1	 0	 0	 1	 0	 0	 1	 1	 0	 1	 0	 0	 0	 0	 0	 0	 0	 0	 0	 0	 0	 0	443	 1	-1
 1	 0	 0	 0	 0	 0	 0	 1	 1	 1	 1	 0	 0	 0	 0	 0	 0	 0	 0	 0	 0	 0	 0	 0	443	 6	-1
 0	 0	 0	 0	 1	 1	 1	 0	 0	 1	 1	 0	 0	 0	 0	 0	 0	 0	 1	 0	 0	 0	 0	 0	446	 3	582
 0	 0	 1	 0	 0	 1	 0	 0	 1	 1	 0	 1	 0	 0	 3	 0	 0	 0	 0	 0	 0	 0	 0	 0	446	 7	605
 0	 0	 0	 0	 2	 0	 0	 1	 0	 1	 1	 0	 0	 0	 0	 0	 0	 0	 0	 1	 0	 0	 0	 0	447	 3	-1
 0	 0	 1	 0	 1	 0	 0	 0	 0	 2	 0	 1	 0	 0	 2	 0	 0	 0	 0	 0	 0	 0	 0	 0	447	 8	-1
 0	 0	 1	 0	 1	 0	 0	 0	 0	 2	 0	 1	 0	 0	 0	 0	 0	 0	 0	 0	 0	 0	 0	 0	451	 1	-1
 1	 0	 0	 0	 0	 0	 1	 0	 0	 2	 1	 0	 0	 0	 0	 0	 0	 0	 0	 0	 0	 0	 0	 0	451	 5	-1
 0	 0	 0	 0	 1	 1	 0	 1	 1	 0	 1	 0	 0	 0	 0	 0	 0	 0	 0	 3	 0	 0	 0	 0	452	 4	-1
 0	 0	 0	 1	 1	 0	 0	 0	 1	 1	 0	 1	 0	 0	 0	 1	 0	 0	 0	 0	 0	 0	 0	 0	452	 8	-1
 0	 0	 0	 0	 1	 1	 0	 1	 1	 0	 1	 0	 0	 0	 0	 0	 0	 0	 0	 3	 0	 0	 0	 0	455	 3	616
 0	 0	 1	 0	 0	 1	 0	 0	 1	 1	 0	 1	 0	 0	 0	 0	 0	 0	 0	 0	 0	 0	 0	 0	455	 8	608
 0	 0	 0	 0	 1	 1	 1	 0	 0	 1	 1	 0	 0	 0	 0	 0	 0	 0	 3	 0	 0	 0	 0	 0	460	 4	-1
 0	 0	 0	 1	 1	 0	 0	 0	 1	 1	 0	 1	 0	 0	 0	 2	 0	 0	 0	 0	 0	 0	 0	 0	460	 7	571
 0	 0	 0	 0	 1	 1	 1	 0	 0	 1	 1	 0	 0	 0	 0	 0	 0	 0	 3	 0	 0	 0	 0	 0	463	 3	620
 0	 0	 1	 0	 0	 1	 0	 0	 1	 1	 0	 1	 0	 0	 1	 0	 0	 0	 0	 0	 0	 0	 0	 0	463	 7	-1
 0	 0	 0	 0	 1	 1	 0	 1	 1	 0	 1	 0	 0	 0	 0	 0	 0	 0	 0	 1	 0	 0	 0	 0	468	 3	546
 0	 0	 1	 0	 0	 1	 0	 0	 1	 1	 0	 1	 0	 0	 2	 0	 0	 0	 0	 0	 0	 0	 0	 0	468	 8	-1
 0	 0	 1	 0	 0	 1	 0	 0	 1	 1	 0	 1	 0	 0	 0	 0	 0	 0	 0	 0	 0	 0	 0	 0	470	 1	-1
 1	 0	 0	 0	 0	 0	 0	 1	 1	 1	 1	 0	 0	 0	 0	 0	 0	 0	 0	 0	 0	 0	 0	 0	470	 6	-1
 0	 0	 0	 0	 1	 1	 0	 1	 1	 0	 1	 0	 0	 0	 0	 0	 0	 0	 0	 2	 0	 0	 0	 0	471	 3	560
 0	 0	 1	 0	 0	 1	 0	 0	 1	 1	 0	 1	 0	 0	 1	 0	 0	 0	 0	 0	 0	 0	 0	 0	471	 8	-1
 0	 0	 1	 0	 0	 1	 0	 0	 1	 1	 0	 1	 0	 0	 0	 0	 0	 0	 0	 0	 0	 0	 0	 0	472	 1	-1
 1	 0	 0	 0	 0	 0	 0	 1	 1	 1	 1	 0	 0	 0	 0	 0	 0	 0	 0	 0	 0	 0	 0	 0	472	 6	-1
 0	 0	 0	 0	 1	 1	 0	 1	 1	 0	 1	 0	 0	 0	 0	 0	 0	 0	 0	 3	 0	 0	 0	 0	474	 4	-1
 0	 0	 0	 1	 1	 0	 0	 0	 1	 1	 0	 1	 0	 0	 0	 1	 0	 0	 0	 0	 0	 0	 0	 0	474	 8	-1
 0	 0	 0	 0	 1	 1	 0	 1	 1	 0	 1	 0	 0	 0	 0	 0	 0	 0	 0	 3	 0	 0	 0	 0	477	 3	632
 0	 0	 1	 0	 0	 1	 0	 0	 1	 1	 0	 1	 0	 0	 0	 0	 0	 0	 0	 0	 0	 0	 0	 0	477	 8	630
 0	 0	 0	 0	 1	 1	 1	 0	 0	 1	 1	 0	 0	 0	 0	 0	 0	 0	 2	 0	 0	 0	 0	 0	484	 4	-1
 0	 0	 0	 1	 1	 0	 0	 0	 1	 1	 0	 1	 0	 0	 0	 3	 0	 0	 0	 0	 0	 0	 0	 0	484	 7	547
 0	 0	 0	 0	 1	 1	 1	 0	 0	 1	 1	 0	 0	 0	 0	 0	 0	 0	 2	 0	 0	 0	 0	 0	488	 3	636
 0	 0	 1	 0	 0	 1	 0	 0	 1	 1	 0	 1	 0	 0	 2	 0	 0	 0	 0	 0	 0	 0	 0	 0	488	 7	625
 0	 0	 0	 0	 1	 1	 1	 0	 0	 1	 1	 0	 0	 0	 0	 0	 0	 0	 3	 0	 0	 0	 0	 0	491	 4	-1
 0	 0	 0	 1	 1	 0	 0	 0	 1	 1	 0	 1	 0	 0	 0	 2	 0	 0	 0	 0	 0	 0	 0	 0	491	 7	551
 0	 0	 0	 0	 1	 1	 1	 0	 0	 1	 1	 0	 0	 0	 0	 0	 0	 0	 1	 0	 0	 0	 0	 0	495	 3	-1
 0	 0	 1	 0	 0	 1	 0	 0	 1	 1	 0	 1	 0	 0	 3	 0	 0	 0	 0	 0	 0	 0	 0	 0	495	 7	-1
 0	 0	 0	 0	 2	 0	 0	 1	 0	 1	 1	 0	 0	 0	 0	 0	 0	 0	 0	 1	 0	 0	 0	 0	496	 3	-1
 0	 0	 1	 0	 1	 0	 0	 0	 0	 2	 0	 1	 0	 0	 2	 0	 0	 0	 0	 0	 0	 0	 0	 0	496	 8	-1
 0	 0	 1	 0	 0	 1	 0	 0	 1	 1	 0	 1	 0	 0	 0	 0	 0	 0	 0	 0	 0	 0	 0	 0	498	 1	-1
 1	 0	 0	 0	 0	 0	 0	 1	 1	 1	 1	 0	 0	 0	 0	 0	 0	 0	 0	 0	 0	 0	 0	 0	498	 6	-1
 0	 0	 1	 0	 1	 0	 0	 0	 0	 2	 0	 1	 0	 0	 0	 0	 0	 0	 0	 0	 0	 0	 0	 0	500	 1	-1
 1	 0	 0	 0	 0	 0	 1	 0	 0	 2	 1	 0	 0	 0	 0	 0	 0	 0	 0	 0	 0	 0	 0	 0	500	 5	-1
 0	 0	 0	 0	 1	 1	 1	 0	 0	 1	 1	 0	 0	 0	 0	 0	 0	 0	 3	 0	 0	 0	 0	 0	501	 3	640
 0	 0	 1	 0	 0	 1	 0	 0	 1	 1	 0	 1	 0	 0	 1	 0	 0	 0	 0	 0	 0	 0	 0	 0	501	 7	-1
 0	 0	 0	 0	 1	 1	 1	 0	 0	 1	 1	 0	 0	 0	 0	 0	 0	 0	 0	 0	 0	 0	 0	 0	507	 3	528
 0	 0	 1	 0	 0	 1	 0	 0	 1	 1	 0	 1	 0	 0	 4	 0	 0	 0	 0	 0	 0	 0	 0	 0	507	 7	-1
 0	 0	 0	 0	 2	 0	 0	 1	 0	 1	 1	 0	 0	 0	 0	 0	 0	 0	 0	 0	 0	 0	 0	 0	508	 3	529
 0	 0	 1	 0	 1	 0	 0	 0	 0	 2	 0	 1	 0	 0	 3	 0	 0	 0	 0	 0	 0	 0	 0	 0	508	 8	-1
 0	 0	 0	 0	 2	 0	 0	 1	 0	 1	 1	 0	 0	 0	 0	 0	 0	 0	 0	 2	 0	 0	 0	 0	510	 3	-1
 0	 0	 1	 0	 1	 0	 0	 0	 0	 2	 0	 1	 0	 0	 1	 0	 0	 0	 0	 0	 0	 0	 0	 0	510	 8	-1
 0	 0	 0	 0	 2	 0	 0	 1	 0	 1	 1	 0	 0	 0	 0	 0	 0	 0	 0	 2	 0	 0	 0	 0	514	 3	-1
 0	 0	 1	 0	 1	 0	 0	 0	 0	 2	 0	 1	 0	 0	 1	 0	 0	 0	 0	 0	 0	 0	 0	 0	514	 8	-1
 0	 0	 1	 0	 1	 0	 0	 0	 0	 2	 0	 1	 0	 0	 0	 0	 0	 0	 0	 0	 0	 0	 0	 0	515	 1	-1
 1	 0	 0	 0	 0	 0	 1	 0	 0	 2	 1	 0	 0	 0	 0	 0	 0	 0	 0	 0	 0	 0	 0	 0	515	 5	-1
 0	 0	 0	 0	 0	 2	 0	 0	 2	 0	 1	 1	 0	 0	 0	 0	 0	 0	 0	 0	 0	 0	 0	 0	518	 7	-1
 0	 0	 0	 0	 1	 1	 0	 0	 1	 1	 1	 1	 0	 0	 0	 0	 0	 0	 0	 0	 0	 0	 0	 0	519	 8	-1
 0	 0	 0	 0	 1	 1	 0	 0	 1	 1	 1	 1	 0	 0	 0	 0	 0	 0	 0	 0	 0	 0	 0	 0	520	 7	663
 0	 0	 0	 0	 2	 0	 0	 0	 0	 2	 1	 1	 0	 0	 0	 0	 0	 0	 0	 0	 0	 0	 0	 0	521	 8	-1
 0	 0	 0	 0	 0	 2	 0	 0	 2	 0	 1	 1	 0	 0	 0	 0	 0	 0	 0	 0	 0	 0	 0	 0	522	 7	-1
 0	 0	 0	 0	 1	 1	 0	 0	 1	 1	 1	 1	 0	 0	 0	 0	 0	 0	 0	 0	 0	 0	 0	 0	523	 8	-1
 0	 0	 0	 0	 0	 2	 0	 0	 2	 0	 1	 1	 0	 0	 0	 0	 0	 0	 0	 0	 0	 0	 0	 0	525	 4	666
 0	 0	 0	 1	 0	 0	 0	 1	 2	 0	 0	 0	 0	 0	 0	 6	 0	 0	 0	 0	 0	 0	 0	 0	525	 6	-1
 0	 0	 0	 0	 1	 1	 0	 0	 1	 1	 1	 1	 0	 0	 0	 0	 0	 0	 0	 0	 0	 0	 0	 0	527	 4	667
 0	 0	 0	 1	 0	 0	 1	 0	 1	 1	 0	 0	 0	 0	 0	 5	 0	 0	 0	 0	 0	 0	 0	 0	527	 5	-1
 0	 0	 0	 0	 1	 1	 0	 0	 1	 1	 1	 1	 0	 0	 0	 0	 0	 0	 0	 0	 0	 0	 0	 0	528	 7	667
 0	 0	 0	 0	 2	 0	 0	 0	 0	 2	 1	 1	 0	 0	 0	 0	 0	 0	 0	 0	 0	 0	 0	 0	529	 8	-1
 0	 0	 0	 0	 0	 2	 0	 0	 2	 0	 1	 1	 0	 0	 0	 0	 0	 0	 0	 0	 0	 0	 0	 0	532	 7	666
 0	 0	 0	 0	 0	 2	 0	 0	 2	 0	 1	 1	 0	 0	 0	 0	 0	 0	 0	 0	 0	 0	 0	 0	533	 4	666
 0	 0	 0	 1	 0	 0	 0	 1	 2	 0	 0	 0	 0	 0	 0	 3	 0	 0	 0	 0	 0	 0	 0	 0	533	 6	-1
 0	 0	 0	 0	 1	 1	 0	 0	 1	 1	 1	 1	 0	 0	 0	 0	 0	 0	 0	 0	 0	 0	 0	 0	534	 8	667
 0	 0	 0	 0	 1	 1	 0	 0	 1	 1	 1	 1	 0	 0	 0	 0	 0	 0	 0	 0	 0	 0	 0	 0	535	 4	667
 0	 0	 0	 1	 0	 0	 1	 0	 1	 1	 0	 0	 0	 0	 0	 2	 0	 0	 0	 0	 0	 0	 0	 0	535	 5	-1
 0	 0	 0	 0	 0	 2	 0	 0	 2	 0	 1	 1	 0	 0	 0	 0	 0	 0	 0	 0	 0	 0	 0	 0	536	 4	662
 0	 0	 0	 1	 0	 0	 0	 1	 2	 0	 0	 0	 0	 0	 0	 0	 0	 0	 0	 0	 0	 0	 0	 0	536	 6	-1
 0	 0	 0	 1	 0	 0	 0	 1	 2	 0	 0	 0	 0	 0	 0	 0	 0	 0	 0	 0	 0	 0	 0	 0	537	 2	681
 0	 1	 0	 0	 0	 0	 0	 0	 2	 1	 1	 1	 0	 0	 0	 0	 0	 0	 0	 0	 0	 0	 0	 0	537	 8	-1
 0	 0	 0	 0	 1	 1	 0	 0	 1	 1	 1	 1	 0	 0	 0	 0	 0	 0	 0	 0	 0	 0	 0	 0	538	 4	663
 0	 0	 0	 1	 0	 0	 1	 0	 1	 1	 0	 0	 0	 0	 0	 0	 0	 0	 0	 0	 0	 0	 0	 0	538	 5	-1
 0	 0	 0	 1	 0	 0	 1	 0	 1	 1	 0	 0	 0	 0	 0	 0	 0	 0	 0	 0	 0	 0	 0	 0	539	 2	685
 0	 1	 0	 0	 0	 0	 0	 0	 2	 1	 1	 1	 0	 0	 0	 0	 0	 0	 0	 0	 0	 0	 0	 0	539	 7	683
 0	 0	 0	 0	 1	 1	 0	 0	 1	 1	 1	 1	 0	 0	 0	 0	 0	 0	 0	 0	 0	 0	 0	 0	540	 7	667
 0	 0	 0	 0	 1	 1	 0	 0	 1	 1	 1	 1	 0	 0	 0	 0	 0	 0	 0	 0	 0	 0	 0	 0	541	 4	667
 0	 0	 0	 1	 0	 0	 1	 0	 1	 1	 0	 0	 0	 0	 0	 3	 0	 0	 0	 0	 0	 0	 0	 0	541	 5	-1
 0	 0	 0	 0	 0	 2	 0	 0	 2	 0	 1	 1	 0	 0	 0	 0	 0	 0	 0	 0	 0	 0	 0	 0	542	 7	-1
 0	 0	 0	 0	 1	 1	 0	 0	 1	 1	 1	 1	 0	 0	 0	 0	 0	 0	 0	 0	 0	 0	 0	 0	543	 8	-1
 0	 0	 0	 0	 0	 2	 0	 0	 2	 0	 1	 1	 0	 0	 0	 0	 0	 0	 0	 0	 0	 0	 0	 0	544	 7	-1
 0	 0	 0	 0	 0	 2	 0	 0	 2	 0	 1	 1	 0	 0	 0	 0	 0	 0	 0	 0	 0	 0	 0	 0	545	 4	693
 0	 0	 0	 1	 0	 0	 0	 1	 2	 0	 0	 0	 0	 0	 0	 4	 0	 0	 0	 0	 0	 0	 0	 0	545	 6	-1
 0	 0	 0	 0	 1	 1	 0	 0	 1	 1	 1	 1	 0	 0	 0	 0	 0	 0	 0	 0	 0	 0	 0	 0	546	 8	-1
 0	 0	 0	 0	 1	 1	 0	 0	 1	 1	 1	 1	 0	 0	 0	 0	 0	 0	 0	 0	 0	 0	 0	 0	547	 4	696
 0	 0	 0	 1	 0	 0	 1	 0	 1	 1	 0	 0	 0	 0	 0	 3	 0	 0	 0	 0	 0	 0	 0	 0	547	 5	-1
 0	 0	 0	 0	 0	 2	 0	 0	 2	 0	 1	 1	 0	 0	 0	 0	 0	 0	 0	 0	 0	 0	 0	 0	548	 7	693
 0	 0	 0	 0	 0	 2	 0	 0	 2	 0	 1	 1	 0	 0	 0	 0	 0	 0	 0	 0	 0	 0	 0	 0	549	 4	693
 0	 0	 0	 1	 0	 0	 0	 1	 2	 0	 0	 0	 0	 0	 0	 3	 0	 0	 0	 0	 0	 0	 0	 0	549	 6	-1
 0	 0	 0	 0	 1	 1	 0	 0	 1	 1	 1	 1	 0	 0	 0	 0	 0	 0	 0	 0	 0	 0	 0	 0	550	 8	696
 0	 0	 0	 0	 1	 1	 0	 0	 1	 1	 1	 1	 0	 0	 0	 0	 0	 0	 0	 0	 0	 0	 0	 0	551	 4	696
 0	 0	 0	 1	 0	 0	 1	 0	 1	 1	 0	 0	 0	 0	 0	 2	 0	 0	 0	 0	 0	 0	 0	 0	551	 5	-1
 0	 0	 0	 0	 0	 2	 0	 0	 2	 0	 1	 1	 0	 0	 0	 0	 0	 0	 0	 0	 0	 0	 0	 0	552	 4	666
 0	 0	 0	 1	 0	 0	 0	 1	 2	 0	 0	 0	 0	 0	 0	 0	 0	 0	 0	 0	 0	 0	 0	 0	552	 6	-1
 0	 0	 0	 1	 0	 0	 0	 1	 2	 0	 0	 0	 0	 0	 0	 0	 0	 0	 0	 0	 0	 0	 0	 0	553	 2	706
 0	 1	 0	 0	 0	 0	 0	 0	 2	 1	 1	 1	 0	 0	 0	 0	 0	 0	 0	 0	 0	 0	 0	 0	553	 8	-1
 0	 0	 0	 0	 1	 1	 0	 0	 1	 1	 1	 1	 0	 0	 0	 0	 0	 0	 0	 0	 0	 0	 0	 0	554	 4	667
 0	 0	 0	 1	 0	 0	 1	 0	 1	 1	 0	 0	 0	 0	 0	 0	 0	 0	 0	 0	 0	 0	 0	 0	554	 5	-1
 0	 0	 0	 1	 0	 0	 1	 0	 1	 1	 0	 0	 0	 0	 0	 0	 0	 0	 0	 0	 0	 0	 0	 0	555	 2	710
 0	 1	 0	 0	 0	 0	 0	 0	 2	 1	 1	 1	 0	 0	 0	 0	 0	 0	 0	 0	 0	 0	 0	 0	555	 7	708
 0	 0	 0	 0	 0	 2	 0	 0	 2	 0	 1	 1	 0	 0	 0	 0	 0	 0	 0	 0	 0	 0	 0	 0	556	 7	691
 0	 0	 0	 0	 0	 2	 0	 0	 2	 0	 1	 1	 0	 0	 0	 0	 0	 0	 0	 0	 0	 0	 0	 0	557	 4	691
 0	 0	 0	 1	 0	 0	 0	 1	 2	 0	 0	 0	 0	 0	 0	 1	 0	 0	 0	 0	 0	 0	 0	 0	557	 6	-1
 0	 0	 0	 0	 0	 2	 0	 0	 2	 0	 1	 1	 0	 0	 0	 0	 0	 0	 0	 0	 0	 0	 0	 0	558	 7	-1
 0	 0	 0	 0	 0	 2	 0	 0	 2	 0	 1	 1	 0	 0	 0	 0	 0	 0	 0	 0	 0	 0	 0	 0	559	 4	716
 0	 0	 0	 1	 0	 0	 0	 1	 2	 0	 0	 0	 0	 0	 0	 3	 0	 0	 0	 0	 0	 0	 0	 0	559	 6	-1
 0	 0	 0	 0	 1	 1	 0	 0	 1	 1	 1	 1	 0	 0	 0	 0	 0	 0	 0	 0	 0	 0	 0	 0	560	 8	-1
 0	 0	 0	 0	 1	 1	 0	 0	 1	 1	 1	 1	 0	 0	 0	 0	 0	 0	 0	 0	 0	 0	 0	 0	561	 4	719
 0	 0	 0	 1	 0	 0	 1	 0	 1	 1	 0	 0	 0	 0	 0	 2	 0	 0	 0	 0	 0	 0	 0	 0	561	 5	-1
 0	 0	 0	 0	 0	 2	 0	 0	 2	 0	 1	 1	 0	 0	 0	 0	 0	 0	 0	 0	 0	 0	 0	 0	562	 4	691
 0	 0	 0	 1	 0	 0	 0	 1	 2	 0	 0	 0	 0	 0	 0	 0	 0	 0	 0	 0	 0	 0	 0	 0	562	 6	-1
 0	 0	 0	 1	 0	 0	 0	 1	 2	 0	 0	 0	 0	 0	 0	 0	 0	 0	 0	 0	 0	 0	 0	 0	563	 2	723
 0	 1	 0	 0	 0	 0	 0	 0	 2	 1	 1	 1	 0	 0	 0	 0	 0	 0	 0	 0	 0	 0	 0	 0	563	 8	-1
 0	 0	 0	 0	 1	 1	 0	 0	 1	 1	 1	 1	 0	 0	 0	 0	 0	 0	 0	 0	 0	 0	 0	 0	564	 4	692
 0	 0	 0	 1	 0	 0	 1	 0	 1	 1	 0	 0	 0	 0	 0	 0	 0	 0	 0	 0	 0	 0	 0	 0	564	 5	-1
 0	 0	 0	 1	 0	 0	 1	 0	 1	 1	 0	 0	 0	 0	 0	 0	 0	 0	 0	 0	 0	 0	 0	 0	565	 2	727
 0	 1	 0	 0	 0	 0	 0	 0	 2	 1	 1	 1	 0	 0	 0	 0	 0	 0	 0	 0	 0	 0	 0	 0	565	 7	725
 0	 0	 0	 0	 0	 2	 0	 0	 2	 0	 1	 1	 0	 0	 0	 0	 0	 0	 0	 0	 0	 0	 0	 0	566	 7	-1
 0	 0	 0	 0	 1	 1	 0	 0	 1	 1	 1	 1	 0	 0	 0	 0	 0	 0	 0	 0	 0	 0	 0	 0	567	 8	-1
 0	 0	 0	 0	 0	 2	 0	 0	 2	 0	 1	 1	 0	 0	 0	 0	 0	 0	 0	 0	 0	 0	 0	 0	568	 7	691
 0	 0	 0	 0	 0	 2	 0	 0	 2	 0	 1	 1	 0	 0	 0	 0	 0	 0	 0	 0	 0	 0	 0	 0	569	 4	691
 0	 0	 0	 1	 0	 0	 0	 1	 2	 0	 0	 0	 0	 0	 0	 3	 0	 0	 0	 0	 0	 0	 0	 0	569	 6	-1
 0	 0	 0	 0	 1	 1	 0	 0	 1	 1	 1	 1	 0	 0	 0	 0	 0	 0	 0	 0	 0	 0	 0	 0	570	 8	692
 0	 0	 0	 0	 1	 1	 0	 0	 1	 1	 1	 1	 0	 0	 0	 0	 0	 0	 0	 0	 0	 0	 0	 0	571	 4	692
 0	 0	 0	 1	 0	 0	 1	 0	 1	 1	 0	 0	 0	 0	 0	 2	 0	 0	 0	 0	 0	 0	 0	 0	571	 5	-1
 0	 0	 0	 0	 0	 2	 0	 0	 2	 0	 1	 1	 0	 0	 0	 0	 0	 0	 0	 0	 0	 0	 0	 0	572	 4	730
 0	 0	 0	 1	 0	 0	 0	 1	 2	 0	 0	 0	 0	 0	 0	 0	 0	 0	 0	 0	 0	 0	 0	 0	572	 6	-1
 0	 0	 0	 1	 0	 0	 0	 1	 2	 0	 0	 0	 0	 0	 0	 0	 0	 0	 0	 0	 0	 0	 0	 0	573	 2	739
 0	 1	 0	 0	 0	 0	 0	 0	 2	 1	 1	 1	 0	 0	 0	 0	 0	 0	 0	 0	 0	 0	 0	 0	573	 8	-1
 0	 0	 0	 0	 1	 1	 0	 0	 1	 1	 1	 1	 0	 0	 0	 0	 0	 0	 0	 0	 0	 0	 0	 0	574	 4	731
 0	 0	 0	 1	 0	 0	 1	 0	 1	 1	 0	 0	 0	 0	 0	 0	 0	 0	 0	 0	 0	 0	 0	 0	574	 5	-1
 0	 0	 0	 1	 0	 0	 1	 0	 1	 1	 0	 0	 0	 0	 0	 0	 0	 0	 0	 0	 0	 0	 0	 0	575	 2	743
 0	 1	 0	 0	 0	 0	 0	 0	 2	 1	 1	 1	 0	 0	 0	 0	 0	 0	 0	 0	 0	 0	 0	 0	575	 7	741
 0	 0	 0	 0	 0	 2	 0	 0	 2	 0	 1	 1	 0	 0	 0	 0	 0	 0	 0	 0	 0	 0	 0	 0	576	 7	693
 0	 0	 0	 0	 0	 2	 0	 0	 2	 0	 1	 1	 0	 0	 0	 0	 0	 0	 0	 0	 0	 0	 0	 0	577	 4	693
 0	 0	 0	 1	 0	 0	 0	 1	 2	 0	 0	 0	 0	 0	 0	 1	 0	 0	 0	 0	 0	 0	 0	 0	577	 6	-1
 0	 0	 0	 0	 0	 2	 0	 0	 2	 0	 1	 1	 0	 0	 0	 0	 0	 0	 0	 0	 0	 0	 0	 0	579	 4	691
 0	 0	 0	 1	 0	 0	 0	 1	 2	 0	 0	 0	 0	 0	 0	 5	 0	 0	 0	 0	 0	 0	 0	 0	579	 6	-1
 0	 0	 0	 0	 1	 1	 0	 0	 1	 1	 1	 1	 0	 0	 0	 0	 0	 0	 0	 0	 0	 0	 0	 0	581	 4	692
 0	 0	 0	 1	 0	 0	 1	 0	 1	 1	 0	 0	 0	 0	 0	 4	 0	 0	 0	 0	 0	 0	 0	 0	581	 5	-1
 0	 0	 0	 0	 1	 1	 0	 0	 1	 1	 1	 1	 0	 0	 0	 0	 0	 0	 0	 0	 0	 0	 0	 0	582	 7	692
 0	 0	 0	 0	 1	 1	 0	 0	 1	 1	 1	 1	 0	 0	 0	 0	 0	 0	 0	 0	 0	 0	 0	 0	584	 7	731
 0	 0	 0	 0	 2	 0	 0	 0	 0	 2	 1	 1	 0	 0	 0	 0	 0	 0	 0	 0	 0	 0	 0	 0	585	 8	-1
 0	 0	 0	 0	 1	 1	 0	 0	 1	 1	 1	 1	 0	 0	 0	 0	 0	 0	 0	 0	 0	 0	 0	 0	586	 7	692
 0	 0	 0	 0	 1	 1	 0	 0	 1	 1	 1	 1	 0	 0	 0	 0	 0	 0	 0	 0	 0	 0	 0	 0	587	 4	692
 0	 0	 0	 1	 0	 0	 1	 0	 1	 1	 0	 0	 0	 0	 0	 3	 0	 0	 0	 0	 0	 0	 0	 0	587	 5	-1
 0	 0	 0	 0	 1	 1	 0	 0	 1	 1	 1	 1	 0	 0	 0	 0	 0	 0	 0	 0	 0	 0	 0	 0	589	 3	731
 0	 0	 1	 0	 0	 0	 0	 1	 1	 1	 0	 0	 0	 0	 5	 0	 0	 0	 0	 0	 0	 0	 0	 0	589	 6	-1
 0	 0	 0	 0	 2	 0	 0	 0	 0	 2	 1	 1	 0	 0	 0	 0	 0	 0	 0	 0	 0	 0	 0	 0	593	 3	755
 0	 0	 1	 0	 0	 0	 1	 0	 0	 2	 0	 0	 0	 0	 4	 0	 0	 0	 0	 0	 0	 0	 0	 0	593	 5	-1
 0	 0	 0	 0	 1	 1	 0	 0	 1	 1	 1	 1	 0	 0	 0	 0	 0	 0	 0	 0	 0	 0	 0	 0	594	 8	731
 0	 0	 0	 0	 1	 1	 0	 0	 1	 1	 1	 1	 0	 0	 0	 0	 0	 0	 0	 0	 0	 0	 0	 0	595	 3	731
 0	 0	 1	 0	 0	 0	 0	 1	 1	 1	 0	 0	 0	 0	 2	 0	 0	 0	 0	 0	 0	 0	 0	 0	595	 6	-1
 0	 0	 0	 0	 1	 1	 0	 0	 1	 1	 1	 1	 0	 0	 0	 0	 0	 0	 0	 0	 0	 0	 0	 0	596	 3	663
 0	 0	 1	 0	 0	 0	 0	 1	 1	 1	 0	 0	 0	 0	 0	 0	 0	 0	 0	 0	 0	 0	 0	 0	596	 6	-1
 0	 0	 1	 0	 0	 0	 0	 1	 1	 1	 0	 0	 0	 0	 0	 0	 0	 0	 0	 0	 0	 0	 0	 0	597	 1	767
 1	 0	 0	 0	 0	 0	 0	 0	 1	 2	 1	 1	 0	 0	 0	 0	 0	 0	 0	 0	 0	 0	 0	 0	597	 8	-1
 0	 0	 0	 0	 1	 1	 0	 0	 1	 1	 1	 1	 0	 0	 0	 0	 0	 0	 0	 0	 0	 0	 0	 0	598	 7	731
 0	 0	 0	 0	 1	 1	 0	 0	 1	 1	 1	 1	 0	 0	 0	 0	 0	 0	 0	 0	 0	 0	 0	 0	599	 3	731
 0	 0	 1	 0	 0	 0	 0	 1	 1	 1	 0	 0	 0	 0	 3	 0	 0	 0	 0	 0	 0	 0	 0	 0	599	 6	-1
 0	 0	 0	 0	 2	 0	 0	 0	 0	 2	 1	 1	 0	 0	 0	 0	 0	 0	 0	 0	 0	 0	 0	 0	600	 8	755
 0	 0	 0	 0	 2	 0	 0	 0	 0	 2	 1	 1	 0	 0	 0	 0	 0	 0	 0	 0	 0	 0	 0	 0	601	 3	755
 0	 0	 1	 0	 0	 0	 1	 0	 0	 2	 0	 0	 0	 0	 2	 0	 0	 0	 0	 0	 0	 0	 0	 0	601	 5	-1
 0	 0	 0	 0	 2	 0	 0	 0	 0	 2	 1	 1	 0	 0	 0	 0	 0	 0	 0	 0	 0	 0	 0	 0	602	 3	665
 0	 0	 1	 0	 0	 0	 1	 0	 0	 2	 0	 0	 0	 0	 0	 0	 0	 0	 0	 0	 0	 0	 0	 0	602	 5	-1
 0	 0	 1	 0	 0	 0	 1	 0	 0	 2	 0	 0	 0	 0	 0	 0	 0	 0	 0	 0	 0	 0	 0	 0	603	 1	777
 1	 0	 0	 0	 0	 0	 0	 0	 1	 2	 1	 1	 0	 0	 0	 0	 0	 0	 0	 0	 0	 0	 0	 0	603	 7	769
 0	 0	 0	 0	 1	 1	 0	 0	 1	 1	 1	 1	 0	 0	 0	 0	 0	 0	 0	 0	 0	 0	 0	 0	605	 3	692
 0	 0	 1	 0	 0	 0	 0	 1	 1	 1	 0	 0	 0	 0	 3	 0	 0	 0	 0	 0	 0	 0	 0	 0	605	 6	-1
 0	 0	 0	 0	 1	 1	 0	 0	 1	 1	 1	 1	 0	 0	 0	 0	 0	 0	 0	 0	 0	 0	 0	 0	606	 8	692
 0	 0	 0	 0	 1	 1	 0	 0	 1	 1	 1	 1	 0	 0	 0	 0	 0	 0	 0	 0	 0	 0	 0	 0	607	 3	692
 0	 0	 1	 0	 0	 0	 0	 1	 1	 1	 0	 0	 0	 0	 2	 0	 0	 0	 0	 0	 0	 0	 0	 0	607	 6	-1
 0	 0	 0	 0	 1	 1	 0	 0	 1	 1	 1	 1	 0	 0	 0	 0	 0	 0	 0	 0	 0	 0	 0	 0	608	 3	667
 0	 0	 1	 0	 0	 0	 0	 1	 1	 1	 0	 0	 0	 0	 0	 0	 0	 0	 0	 0	 0	 0	 0	 0	608	 6	-1
 0	 0	 1	 0	 0	 0	 0	 1	 1	 1	 0	 0	 0	 0	 0	 0	 0	 0	 0	 0	 0	 0	 0	 0	609	 1	786
 1	 0	 0	 0	 0	 0	 0	 0	 1	 2	 1	 1	 0	 0	 0	 0	 0	 0	 0	 0	 0	 0	 0	 0	609	 8	-1
 0	 0	 0	 0	 2	 0	 0	 0	 0	 2	 1	 1	 0	 0	 0	 0	 0	 0	 0	 0	 0	 0	 0	 0	612	 8	-1
 0	 0	 0	 0	 2	 0	 0	 0	 0	 2	 1	 1	 0	 0	 0	 0	 0	 0	 0	 0	 0	 0	 0	 0	613	 3	789
 0	 0	 1	 0	 0	 0	 1	 0	 0	 2	 0	 0	 0	 0	 2	 0	 0	 0	 0	 0	 0	 0	 0	 0	613	 5	-1
 0	 0	 0	 0	 2	 0	 0	 0	 0	 2	 1	 1	 0	 0	 0	 0	 0	 0	 0	 0	 0	 0	 0	 0	614	 3	673
 0	 0	 1	 0	 0	 0	 1	 0	 0	 2	 0	 0	 0	 0	 0	 0	 0	 0	 0	 0	 0	 0	 0	 0	614	 5	-1
 0	 0	 1	 0	 0	 0	 1	 0	 0	 2	 0	 0	 0	 0	 0	 0	 0	 0	 0	 0	 0	 0	 0	 0	615	 1	793
 1	 0	 0	 0	 0	 0	 0	 0	 1	 2	 1	 1	 0	 0	 0	 0	 0	 0	 0	 0	 0	 0	 0	 0	615	 7	788
 0	 0	 0	 0	 1	 1	 0	 0	 1	 1	 1	 1	 0	 0	 0	 0	 0	 0	 0	 0	 0	 0	 0	 0	616	 8	667
 0	 0	 0	 0	 1	 1	 0	 0	 1	 1	 1	 1	 0	 0	 0	 0	 0	 0	 0	 0	 0	 0	 0	 0	617	 4	667
 0	 0	 0	 1	 0	 0	 1	 0	 1	 1	 0	 0	 0	 0	 0	 1	 0	 0	 0	 0	 0	 0	 0	 0	617	 5	-1
 0	 0	 0	 0	 1	 1	 0	 0	 1	 1	 1	 1	 0	 0	 0	 0	 0	 0	 0	 0	 0	 0	 0	 0	620	 7	692
 0	 0	 0	 0	 1	 1	 0	 0	 1	 1	 1	 1	 0	 0	 0	 0	 0	 0	 0	 0	 0	 0	 0	 0	623	 3	692
 0	 0	 1	 0	 0	 0	 0	 1	 1	 1	 0	 0	 0	 0	 1	 0	 0	 0	 0	 0	 0	 0	 0	 0	623	 6	-1
 0	 0	 0	 0	 1	 1	 0	 0	 1	 1	 1	 1	 0	 0	 0	 0	 0	 0	 0	 0	 0	 0	 0	 0	625	 3	696
 0	 0	 1	 0	 0	 0	 0	 1	 1	 1	 0	 0	 0	 0	 2	 0	 0	 0	 0	 0	 0	 0	 0	 0	625	 6	-1
 0	 0	 0	 0	 1	 1	 0	 0	 1	 1	 1	 1	 0	 0	 0	 0	 0	 0	 0	 0	 0	 0	 0	 0	626	 3	692
 0	 0	 1	 0	 0	 0	 0	 1	 1	 1	 0	 0	 0	 0	 0	 0	 0	 0	 0	 0	 0	 0	 0	 0	626	 6	-1
 0	 0	 1	 0	 0	 0	 0	 1	 1	 1	 0	 0	 0	 0	 0	 0	 0	 0	 0	 0	 0	 0	 0	 0	627	 1	805
 1	 0	 0	 0	 0	 0	 0	 0	 1	 2	 1	 1	 0	 0	 0	 0	 0	 0	 0	 0	 0	 0	 0	 0	627	 8	-1
 0	 0	 0	 0	 1	 1	 0	 0	 1	 1	 1	 1	 0	 0	 0	 0	 0	 0	 0	 0	 0	 0	 0	 0	629	 3	719
 0	 0	 1	 0	 0	 0	 0	 1	 1	 1	 0	 0	 0	 0	 1	 0	 0	 0	 0	 0	 0	 0	 0	 0	629	 6	-1
 0	 0	 0	 0	 1	 1	 0	 0	 1	 1	 1	 1	 0	 0	 0	 0	 0	 0	 0	 0	 0	 0	 0	 0	630	 3	696
 0	 0	 1	 0	 0	 0	 0	 1	 1	 1	 0	 0	 0	 0	 0	 0	 0	 0	 0	 0	 0	 0	 0	 0	630	 6	-1
 0	 0	 1	 0	 0	 0	 0	 1	 1	 1	 0	 0	 0	 0	 0	 0	 0	 0	 0	 0	 0	 0	 0	 0	631	 1	811
 1	 0	 0	 0	 0	 0	 0	 0	 1	 2	 1	 1	 0	 0	 0	 0	 0	 0	 0	 0	 0	 0	 0	 0	631	 8	-1
 0	 0	 0	 0	 1	 1	 0	 0	 1	 1	 1	 1	 0	 0	 0	 0	 0	 0	 0	 0	 0	 0	 0	 0	632	 8	696
 0	 0	 0	 0	 1	 1	 0	 0	 1	 1	 1	 1	 0	 0	 0	 0	 0	 0	 0	 0	 0	 0	 0	 0	633	 4	696
 0	 0	 0	 1	 0	 0	 1	 0	 1	 1	 0	 0	 0	 0	 0	 1	 0	 0	 0	 0	 0	 0	 0	 0	633	 5	-1
 0	 0	 0	 0	 1	 1	 0	 0	 1	 1	 1	 1	 0	 0	 0	 0	 0	 0	 0	 0	 0	 0	 0	 0	636	 7	696
 0	 0	 0	 0	 1	 1	 0	 0	 1	 1	 1	 1	 0	 0	 0	 0	 0	 0	 0	 0	 0	 0	 0	 0	640	 7	696
 0	 0	 0	 0	 1	 1	 0	 0	 1	 1	 1	 1	 0	 0	 0	 0	 0	 0	 0	 0	 0	 0	 0	 0	642	 7	667
 0	 0	 0	 0	 1	 1	 0	 0	 1	 1	 1	 1	 0	 0	 0	 0	 0	 0	 0	 0	 0	 0	 0	 0	643	 3	667
 0	 0	 1	 0	 0	 0	 0	 1	 1	 1	 0	 0	 0	 0	 3	 0	 0	 0	 0	 0	 0	 0	 0	 0	643	 6	-1
 0	 0	 0	 0	 2	 0	 0	 0	 0	 2	 1	 1	 0	 0	 0	 0	 0	 0	 0	 0	 0	 0	 0	 0	644	 8	673
 0	 0	 0	 0	 2	 0	 0	 0	 0	 2	 1	 1	 0	 0	 0	 0	 0	 0	 0	 0	 0	 0	 0	 0	645	 3	673
 0	 0	 1	 0	 0	 0	 1	 0	 0	 2	 0	 0	 0	 0	 2	 0	 0	 0	 0	 0	 0	 0	 0	 0	645	 5	-1
 0	 0	 0	 0	 1	 1	 0	 0	 1	 1	 1	 1	 0	 0	 0	 0	 0	 0	 0	 0	 0	 0	 0	 0	646	 3	731
 0	 0	 1	 0	 0	 0	 0	 1	 1	 1	 0	 0	 0	 0	 0	 0	 0	 0	 0	 0	 0	 0	 0	 0	646	 6	-1
 0	 0	 1	 0	 0	 0	 0	 1	 1	 1	 0	 0	 0	 0	 0	 0	 0	 0	 0	 0	 0	 0	 0	 0	647	 1	826
 1	 0	 0	 0	 0	 0	 0	 0	 1	 2	 1	 1	 0	 0	 0	 0	 0	 0	 0	 0	 0	 0	 0	 0	647	 8	-1
 0	 0	 0	 0	 2	 0	 0	 0	 0	 2	 1	 1	 0	 0	 0	 0	 0	 0	 0	 0	 0	 0	 0	 0	648	 3	755
 0	 0	 1	 0	 0	 0	 1	 0	 0	 2	 0	 0	 0	 0	 0	 0	 0	 0	 0	 0	 0	 0	 0	 0	648	 5	-1
 0	 0	 1	 0	 0	 0	 1	 0	 0	 2	 0	 0	 0	 0	 0	 0	 0	 0	 0	 0	 0	 0	 0	 0	649	 1	830
 1	 0	 0	 0	 0	 0	 0	 0	 1	 2	 1	 1	 0	 0	 0	 0	 0	 0	 0	 0	 0	 0	 0	 0	649	 7	828
 0	 0	 0	 0	 1	 1	 0	 0	 1	 1	 1	 1	 0	 0	 0	 0	 0	 0	 0	 0	 0	 0	 0	 0	651	 3	696
 0	 0	 1	 0	 0	 0	 0	 1	 1	 1	 0	 0	 0	 0	 1	 0	 0	 0	 0	 0	 0	 0	 0	 0	651	 6	-1
 0	 0	 0	 0	 1	 1	 0	 0	 1	 1	 1	 1	 0	 0	 0	 0	 0	 0	 0	 0	 0	 0	 0	 0	653	 3	667
 0	 0	 1	 0	 0	 0	 0	 1	 1	 1	 0	 0	 0	 0	 4	 0	 0	 0	 0	 0	 0	 0	 0	 0	653	 6	-1
 0	 0	 0	 0	 2	 0	 0	 0	 0	 2	 1	 1	 0	 0	 0	 0	 0	 0	 0	 0	 0	 0	 0	 0	655	 3	673
 0	 0	 1	 0	 0	 0	 1	 0	 0	 2	 0	 0	 0	 0	 3	 0	 0	 0	 0	 0	 0	 0	 0	 0	655	 5	-1
 0	 0	 0	 0	 2	 0	 0	 0	 0	 2	 1	 1	 0	 0	 0	 0	 0	 0	 0	 0	 0	 0	 0	 0	656	 8	673
 0	 0	 0	 0	 2	 0	 0	 0	 0	 2	 1	 1	 0	 0	 0	 0	 0	 0	 0	 0	 0	 0	 0	 0	657	 3	673
 0	 0	 1	 0	 0	 0	 1	 0	 0	 2	 0	 0	 0	 0	 1	 0	 0	 0	 0	 0	 0	 0	 0	 0	657	 5	-1
 0	 0	 0	 0	 2	 0	 0	 0	 0	 2	 1	 1	 0	 0	 0	 0	 0	 0	 0	 0	 0	 0	 0	 0	658	 8	-1
 0	 0	 0	 0	 2	 0	 0	 0	 0	 2	 1	 1	 0	 0	 0	 0	 0	 0	 0	 0	 0	 0	 0	 0	659	 3	842
 0	 0	 1	 0	 0	 0	 1	 0	 0	 2	 0	 0	 0	 0	 1	 0	 0	 0	 0	 0	 0	 0	 0	 0	659	 5	-1
 0	 0	 0	 0	 2	 0	 0	 0	 0	 2	 1	 1	 0	 0	 0	 0	 0	 0	 0	 0	 0	 0	 0	 0	660	 3	789
 0	 0	 1	 0	 0	 0	 1	 0	 0	 2	 0	 0	 0	 0	 0	 0	 0	 0	 0	 0	 0	 0	 0	 0	660	 5	-1
 0	 0	 1	 0	 0	 0	 1	 0	 0	 2	 0	 0	 0	 0	 0	 0	 0	 0	 0	 0	 0	 0	 0	 0	661	 1	846
 1	 0	 0	 0	 0	 0	 0	 0	 1	 2	 1	 1	 0	 0	 0	 0	 0	 0	 0	 0	 0	 0	 0	 0	661	 7	807
 0	 0	 0	 0	 0	 1	 0	 1	 2	 0	 1	 0	 0	 0	 0	 0	 0	 0	 0	 0	 0	 0	 0	 0	662	 6	-1
 0	 0	 0	 0	 0	 1	 1	 0	 1	 1	 1	 0	 0	 0	 0	 0	 0	 0	 0	 0	 0	 0	 0	 0	663	 5	-1
 0	 0	 0	 0	 1	 0	 0	 1	 1	 1	 1	 0	 0	 0	 0	 0	 0	 0	 0	 0	 0	 0	 0	 0	663	 6	-1
 0	 0	 0	 0	 1	 0	 1	 0	 0	 2	 1	 0	 0	 0	 0	 0	 0	 0	 0	 0	 0	 0	 0	 0	665	 5	-1
 0	 0	 0	 0	 0	 1	 0	 1	 2	 0	 1	 0	 0	 0	 0	 0	 0	 0	 0	 0	 0	 0	 0	 0	666	 6	-1
 0	 0	 0	 0	 0	 1	 1	 0	 1	 1	 1	 0	 0	 0	 0	 0	 0	 0	 0	 0	 0	 0	 0	 0	667	 5	-1
 0	 0	 0	 0	 1	 0	 0	 1	 1	 1	 1	 0	 0	 0	 0	 0	 0	 0	 0	 0	 0	 0	 0	 0	667	 6	-1
 0	 0	 0	 0	 0	 1	 0	 1	 2	 0	 1	 0	 0	 0	 0	 0	 0	 0	 0	 0	 0	 0	 0	 0	669	 4	853
 0	 0	 0	 1	 0	 0	 0	 0	 2	 1	 0	 1	 0	 0	 0	 8	 0	 0	 0	 0	 0	 0	 0	 0	669	 8	-1
 0	 0	 0	 0	 0	 1	 1	 0	 1	 1	 1	 0	 0	 0	 0	 0	 0	 0	 0	 0	 0	 0	 0	 0	671	 4	854
 0	 0	 0	 1	 0	 0	 0	 0	 2	 1	 0	 1	 0	 0	 0	 8	 0	 0	 0	 0	 0	 0	 0	 0	671	 7	857
 0	 0	 0	 0	 1	 0	 1	 0	 0	 2	 1	 0	 0	 0	 0	 0	 0	 0	 0	 0	 0	 0	 0	 0	673	 5	-1
 0	 0	 0	 0	 0	 1	 0	 1	 2	 0	 1	 0	 0	 0	 0	 0	 0	 0	 0	 0	 0	 0	 0	 0	676	 4	853
 0	 0	 0	 1	 0	 0	 0	 0	 2	 1	 0	 1	 0	 0	 0	 5	 0	 0	 0	 0	 0	 0	 0	 0	676	 8	-1
 0	 0	 0	 0	 0	 1	 1	 0	 1	 1	 1	 0	 0	 0	 0	 0	 0	 0	 0	 0	 0	 0	 0	 0	679	 4	854
 0	 0	 0	 1	 0	 0	 0	 0	 2	 1	 0	 1	 0	 0	 0	 5	 0	 0	 0	 0	 0	 0	 0	 0	679	 7	862
 0	 0	 0	 0	 0	 1	 0	 1	 2	 0	 1	 0	 0	 0	 0	 0	 0	 0	 0	 2	 0	 0	 0	 0	681	 4	-1
 0	 0	 0	 1	 0	 0	 0	 0	 2	 1	 0	 1	 0	 0	 0	 2	 0	 0	 0	 0	 0	 0	 0	 0	681	 8	-1
 0	 0	 0	 1	 0	 0	 0	 0	 2	 1	 0	 1	 0	 0	 0	 0	 0	 0	 0	 0	 0	 0	 0	 0	683	 2	-1
 0	 0	 0	 0	 0	 1	 1	 0	 1	 1	 1	 0	 0	 0	 0	 0	 0	 0	 2	 0	 0	 0	 0	 0	685	 4	-1
 0	 0	 0	 1	 0	 0	 0	 0	 2	 1	 0	 1	 0	 0	 0	 3	 0	 0	 0	 0	 0	 0	 0	 0	685	 7	-1
 0	 0	 0	 0	 0	 1	 1	 0	 1	 1	 1	 0	 0	 0	 0	 0	 0	 0	 0	 0	 0	 0	 0	 0	690	 4	854
 0	 0	 0	 1	 0	 0	 0	 0	 2	 1	 0	 1	 0	 0	 0	 6	 0	 0	 0	 0	 0	 0	 0	 0	690	 7	-1
 0	 0	 0	 0	 0	 1	 0	 1	 2	 0	 1	 0	 0	 0	 0	 0	 0	 0	 0	 0	 0	 0	 0	 0	691	 6	-1
 0	 0	 0	 0	 0	 1	 1	 0	 1	 1	 1	 0	 0	 0	 0	 0	 0	 0	 0	 0	 0	 0	 0	 0	692	 5	-1
 0	 0	 0	 0	 1	 0	 0	 1	 1	 1	 1	 0	 0	 0	 0	 0	 0	 0	 0	 0	 0	 0	 0	 0	692	 6	-1
 0	 0	 0	 0	 0	 1	 0	 1	 2	 0	 1	 0	 0	 0	 0	 0	 0	 0	 0	 0	 0	 0	 0	 0	693	 6	-1
 0	 0	 0	 0	 0	 1	 0	 1	 2	 0	 1	 0	 0	 0	 0	 0	 0	 0	 0	 0	 0	 0	 0	 0	695	 4	875
 0	 0	 0	 1	 0	 0	 0	 0	 2	 1	 0	 1	 0	 0	 0	 6	 0	 0	 0	 0	 0	 0	 0	 0	695	 8	-1
 0	 0	 0	 0	 0	 1	 1	 0	 1	 1	 1	 0	 0	 0	 0	 0	 0	 0	 0	 0	 0	 0	 0	 0	696	 5	-1
 0	 0	 0	 0	 1	 0	 0	 1	 1	 1	 1	 0	 0	 0	 0	 0	 0	 0	 0	 0	 0	 0	 0	 0	696	 6	-1
 0	 0	 0	 0	 0	 1	 1	 0	 1	 1	 1	 0	 0	 0	 0	 0	 0	 0	 0	 0	 0	 0	 0	 0	698	 4	878
 0	 0	 0	 1	 0	 0	 0	 0	 2	 1	 0	 1	 0	 0	 0	 6	 0	 0	 0	 0	 0	 0	 0	 0	698	 7	877
 0	 0	 0	 0	 0	 1	 0	 1	 2	 0	 1	 0	 0	 0	 0	 0	 0	 0	 0	 0	 0	 0	 0	 0	701	 4	875
 0	 0	 0	 1	 0	 0	 0	 0	 2	 1	 0	 1	 0	 0	 0	 5	 0	 0	 0	 0	 0	 0	 0	 0	701	 8	-1
 0	 0	 0	 0	 0	 1	 1	 0	 1	 1	 1	 0	 0	 0	 0	 0	 0	 0	 0	 0	 0	 0	 0	 0	704	 4	878
 0	 0	 0	 1	 0	 0	 0	 0	 2	 1	 0	 1	 0	 0	 0	 5	 0	 0	 0	 0	 0	 0	 0	 0	704	 7	883
 0	 0	 0	 0	 0	 1	 0	 1	 2	 0	 1	 0	 0	 0	 0	 0	 0	 0	 0	 2	 0	 0	 0	 0	706	 4	-1
 0	 0	 0	 1	 0	 0	 0	 0	 2	 1	 0	 1	 0	 0	 0	 2	 0	 0	 0	 0	 0	 0	 0	 0	706	 8	-1
 0	 0	 0	 1	 0	 0	 0	 0	 2	 1	 0	 1	 0	 0	 0	 0	 0	 0	 0	 0	 0	 0	 0	 0	708	 2	-1
 0	 0	 0	 0	 0	 1	 1	 0	 1	 1	 1	 0	 0	 0	 0	 0	 0	 0	 2	 0	 0	 0	 0	 0	710	 4	-1
 0	 0	 0	 1	 0	 0	 0	 0	 2	 1	 0	 1	 0	 0	 0	 3	 0	 0	 0	 0	 0	 0	 0	 0	710	 7	-1
 0	 0	 0	 0	 0	 1	 0	 1	 2	 0	 1	 0	 0	 0	 0	 0	 0	 0	 0	 1	 0	 0	 0	 0	715	 4	-1
 0	 0	 0	 1	 0	 0	 0	 0	 2	 1	 0	 1	 0	 0	 0	 3	 0	 0	 0	 0	 0	 0	 0	 0	715	 8	890
 0	 0	 0	 0	 0	 1	 0	 1	 2	 0	 1	 0	 0	 0	 0	 0	 0	 0	 0	 0	 0	 0	 0	 0	716	 6	-1
 0	 0	 0	 0	 0	 1	 0	 1	 2	 0	 1	 0	 0	 0	 0	 0	 0	 0	 0	 0	 0	 0	 0	 0	718	 4	893
 0	 0	 0	 1	 0	 0	 0	 0	 2	 1	 0	 1	 0	 0	 0	 5	 0	 0	 0	 0	 0	 0	 0	 0	718	 8	-1
 0	 0	 0	 0	 0	 1	 1	 0	 1	 1	 1	 0	 0	 0	 0	 0	 0	 0	 0	 0	 0	 0	 0	 0	719	 5	-1
 0	 0	 0	 0	 1	 0	 0	 1	 1	 1	 1	 0	 0	 0	 0	 0	 0	 0	 0	 0	 0	 0	 0	 0	719	 6	-1
 0	 0	 0	 0	 0	 1	 1	 0	 1	 1	 1	 0	 0	 0	 0	 0	 0	 0	 0	 0	 0	 0	 0	 0	721	 4	896
 0	 0	 0	 1	 0	 0	 0	 0	 2	 1	 0	 1	 0	 0	 0	 5	 0	 0	 0	 0	 0	 0	 0	 0	721	 7	895
 0	 0	 0	 0	 0	 1	 0	 1	 2	 0	 1	 0	 0	 0	 0	 0	 0	 0	 0	 2	 0	 0	 0	 0	723	 4	-1
 0	 0	 0	 1	 0	 0	 0	 0	 2	 1	 0	 1	 0	 0	 0	 2	 0	 0	 0	 0	 0	 0	 0	 0	723	 8	-1
 0	 0	 0	 1	 0	 0	 0	 0	 2	 1	 0	 1	 0	 0	 0	 0	 0	 0	 0	 0	 0	 0	 0	 0	725	 2	-1
 0	 0	 0	 0	 0	 1	 1	 0	 1	 1	 1	 0	 0	 0	 0	 0	 0	 0	 2	 0	 0	 0	 0	 0	727	 4	-1
 0	 0	 0	 1	 0	 0	 0	 0	 2	 1	 0	 1	 0	 0	 0	 3	 0	 0	 0	 0	 0	 0	 0	 0	727	 7	-1
 0	 0	 0	 0	 0	 1	 0	 1	 2	 0	 1	 0	 0	 0	 0	 0	 0	 0	 0	 0	 0	 0	 0	 0	730	 6	-1
 0	 0	 0	 0	 0	 1	 1	 0	 1	 1	 1	 0	 0	 0	 0	 0	 0	 0	 0	 0	 0	 0	 0	 0	731	 5	-1
 0	 0	 0	 0	 1	 0	 0	 1	 1	 1	 1	 0	 0	 0	 0	 0	 0	 0	 0	 0	 0	 0	 0	 0	731	 6	-1
 0	 0	 0	 0	 0	 1	 0	 1	 2	 0	 1	 0	 0	 0	 0	 0	 0	 0	 0	 0	 0	 0	 0	 0	734	 4	872
 0	 0	 0	 1	 0	 0	 0	 0	 2	 1	 0	 1	 0	 0	 0	 5	 0	 0	 0	 0	 0	 0	 0	 0	734	 8	-1
 0	 0	 0	 0	 0	 1	 1	 0	 1	 1	 1	 0	 0	 0	 0	 0	 0	 0	 0	 0	 0	 0	 0	 0	737	 4	873
 0	 0	 0	 1	 0	 0	 0	 0	 2	 1	 0	 1	 0	 0	 0	 5	 0	 0	 0	 0	 0	 0	 0	 0	737	 7	909
 0	 0	 0	 0	 0	 1	 0	 1	 2	 0	 1	 0	 0	 0	 0	 0	 0	 0	 0	 2	 0	 0	 0	 0	739	 4	-1
 0	 0	 0	 1	 0	 0	 0	 0	 2	 1	 0	 1	 0	 0	 0	 2	 0	 0	 0	 0	 0	 0	 0	 0	739	 8	-1
 0	 0	 0	 1	 0	 0	 0	 0	 2	 1	 0	 1	 0	 0	 0	 0	 0	 0	 0	 0	 0	 0	 0	 0	741	 2	-1
 0	 0	 0	 0	 0	 1	 1	 0	 1	 1	 1	 0	 0	 0	 0	 0	 0	 0	 2	 0	 0	 0	 0	 0	743	 4	-1
 0	 0	 0	 1	 0	 0	 0	 0	 2	 1	 0	 1	 0	 0	 0	 3	 0	 0	 0	 0	 0	 0	 0	 0	743	 7	-1
 0	 0	 0	 0	 0	 1	 0	 1	 2	 0	 1	 0	 0	 0	 0	 0	 0	 0	 0	 1	 0	 0	 0	 0	748	 4	-1
 0	 0	 0	 1	 0	 0	 0	 0	 2	 1	 0	 1	 0	 0	 0	 3	 0	 0	 0	 0	 0	 0	 0	 0	748	 8	904
 0	 0	 0	 0	 0	 1	 0	 1	 2	 0	 1	 0	 0	 0	 0	 0	 0	 0	 0	 0	 0	 0	 0	 0	750	 4	872
 0	 0	 0	 1	 0	 0	 0	 0	 2	 1	 0	 1	 0	 0	 0	 7	 0	 0	 0	 0	 0	 0	 0	 0	750	 8	-1
 0	 0	 0	 0	 0	 1	 1	 0	 1	 1	 1	 0	 0	 0	 0	 0	 0	 0	 0	 0	 0	 0	 0	 0	752	 4	873
 0	 0	 0	 1	 0	 0	 0	 0	 2	 1	 0	 1	 0	 0	 0	 7	 0	 0	 0	 0	 0	 0	 0	 0	752	 7	920
 0	 0	 0	 0	 1	 0	 1	 0	 0	 2	 1	 0	 0	 0	 0	 0	 0	 0	 0	 0	 0	 0	 0	 0	755	 5	-1
 0	 0	 0	 0	 0	 1	 1	 0	 1	 1	 1	 0	 0	 0	 0	 0	 0	 0	 0	 0	 0	 0	 0	 0	758	 4	873
 0	 0	 0	 1	 0	 0	 0	 0	 2	 1	 0	 1	 0	 0	 0	 6	 0	 0	 0	 0	 0	 0	 0	 0	758	 7	-1
 0	 0	 0	 0	 1	 0	 0	 1	 1	 1	 1	 0	 0	 0	 0	 0	 0	 0	 0	 0	 0	 0	 0	 0	760	 3	907
 0	 0	 1	 0	 0	 0	 0	 0	 1	 2	 0	 1	 0	 0	 7	 0	 0	 0	 0	 0	 0	 0	 0	 0	760	 8	-1
 0	 0	 0	 0	 1	 0	 1	 0	 0	 2	 1	 0	 0	 0	 0	 0	 0	 0	 0	 0	 0	 0	 0	 0	762	 3	923
 0	 0	 1	 0	 0	 0	 0	 0	 1	 2	 0	 1	 0	 0	 7	 0	 0	 0	 0	 0	 0	 0	 0	 0	762	 7	927
 0	 0	 0	 0	 1	 0	 0	 1	 1	 1	 1	 0	 0	 0	 0	 0	 0	 0	 0	 0	 0	 0	 0	 0	765	 3	907
 0	 0	 1	 0	 0	 0	 0	 0	 1	 2	 0	 1	 0	 0	 4	 0	 0	 0	 0	 0	 0	 0	 0	 0	765	 8	-1
 0	 0	 0	 0	 1	 0	 0	 1	 1	 1	 1	 0	 0	 0	 0	 0	 0	 0	 0	 1	 0	 0	 0	 0	767	 3	-1
 0	 0	 1	 0	 0	 0	 0	 0	 1	 2	 0	 1	 0	 0	 2	 0	 0	 0	 0	 0	 0	 0	 0	 0	767	 8	-1
 0	 0	 1	 0	 0	 0	 0	 0	 1	 2	 0	 1	 0	 0	 0	 0	 0	 0	 0	 0	 0	 0	 0	 0	769	 1	-1
 0	 0	 0	 0	 1	 0	 0	 1	 1	 1	 1	 0	 0	 0	 0	 0	 0	 0	 0	 0	 0	 0	 0	 0	772	 3	907
 0	 0	 1	 0	 0	 0	 0	 0	 1	 2	 0	 1	 0	 0	 5	 0	 0	 0	 0	 0	 0	 0	 0	 0	772	 8	-1
 0	 0	 0	 0	 1	 0	 1	 0	 0	 2	 1	 0	 0	 0	 0	 0	 0	 0	 0	 0	 0	 0	 0	 0	775	 3	923
 0	 0	 1	 0	 0	 0	 0	 0	 1	 2	 0	 1	 0	 0	 5	 0	 0	 0	 0	 0	 0	 0	 0	 0	775	 7	936
 0	 0	 0	 0	 1	 0	 1	 0	 0	 2	 1	 0	 0	 0	 0	 0	 0	 0	 1	 0	 0	 0	 0	 0	777	 3	-1
 0	 0	 1	 0	 0	 0	 0	 0	 1	 2	 0	 1	 0	 0	 3	 0	 0	 0	 0	 0	 0	 0	 0	 0	777	 7	-1
 0	 0	 0	 0	 1	 0	 0	 1	 1	 1	 1	 0	 0	 0	 0	 0	 0	 0	 0	 0	 0	 0	 0	 0	781	 3	874
 0	 0	 1	 0	 0	 0	 0	 0	 1	 2	 0	 1	 0	 0	 5	 0	 0	 0	 0	 0	 0	 0	 0	 0	781	 8	-1
 0	 0	 0	 0	 1	 0	 0	 1	 1	 1	 1	 0	 0	 0	 0	 0	 0	 0	 0	 0	 0	 0	 0	 0	784	 3	874
 0	 0	 1	 0	 0	 0	 0	 0	 1	 2	 0	 1	 0	 0	 4	 0	 0	 0	 0	 0	 0	 0	 0	 0	784	 8	-1
 0	 0	 0	 0	 1	 0	 0	 1	 1	 1	 1	 0	 0	 0	 0	 0	 0	 0	 0	 1	 0	 0	 0	 0	786	 3	-1
 0	 0	 1	 0	 0	 0	 0	 0	 1	 2	 0	 1	 0	 0	 2	 0	 0	 0	 0	 0	 0	 0	 0	 0	786	 8	-1
 0	 0	 1	 0	 0	 0	 0	 0	 1	 2	 0	 1	 0	 0	 0	 0	 0	 0	 0	 0	 0	 0	 0	 0	788	 1	-1
 0	 0	 0	 0	 1	 0	 1	 0	 0	 2	 1	 0	 0	 0	 0	 0	 0	 0	 0	 0	 0	 0	 0	 0	789	 5	-1
 0	 0	 0	 0	 1	 0	 1	 0	 0	 2	 1	 0	 0	 0	 0	 0	 0	 0	 0	 0	 0	 0	 0	 0	791	 3	948
 0	 0	 1	 0	 0	 0	 0	 0	 1	 2	 0	 1	 0	 0	 5	 0	 0	 0	 0	 0	 0	 0	 0	 0	791	 7	942
 0	 0	 0	 0	 1	 0	 1	 0	 0	 2	 1	 0	 0	 0	 0	 0	 0	 0	 1	 0	 0	 0	 0	 0	793	 3	-1
 0	 0	 1	 0	 0	 0	 0	 0	 1	 2	 0	 1	 0	 0	 3	 0	 0	 0	 0	 0	 0	 0	 0	 0	793	 7	-1
 0	 0	 0	 0	 0	 1	 1	 0	 1	 1	 1	 0	 0	 0	 0	 0	 0	 0	 1	 0	 0	 0	 0	 0	798	 4	-1
 0	 0	 0	 1	 0	 0	 0	 0	 2	 1	 0	 1	 0	 0	 0	 4	 0	 0	 0	 0	 0	 0	 0	 0	798	 7	-1
 0	 0	 0	 0	 1	 0	 0	 1	 1	 1	 1	 0	 0	 0	 0	 0	 0	 0	 0	 0	 0	 0	 0	 0	801	 3	874
 0	 0	 1	 0	 0	 0	 0	 0	 1	 2	 0	 1	 0	 0	 3	 0	 0	 0	 0	 0	 0	 0	 0	 0	801	 8	952
 0	 0	 0	 0	 1	 0	 0	 1	 1	 1	 1	 0	 0	 0	 0	 0	 0	 0	 0	 0	 0	 0	 0	 0	803	 3	879
 0	 0	 1	 0	 0	 0	 0	 0	 1	 2	 0	 1	 0	 0	 4	 0	 0	 0	 0	 0	 0	 0	 0	 0	803	 8	-1
 0	 0	 0	 0	 1	 0	 0	 1	 1	 1	 1	 0	 0	 0	 0	 0	 0	 0	 0	 1	 0	 0	 0	 0	805	 3	-1
 0	 0	 1	 0	 0	 0	 0	 0	 1	 2	 0	 1	 0	 0	 2	 0	 0	 0	 0	 0	 0	 0	 0	 0	805	 8	-1
 0	 0	 1	 0	 0	 0	 0	 0	 1	 2	 0	 1	 0	 0	 0	 0	 0	 0	 0	 0	 0	 0	 0	 0	807	 1	-1
 0	 0	 0	 0	 1	 0	 0	 1	 1	 1	 1	 0	 0	 0	 0	 0	 0	 0	 0	 0	 0	 0	 0	 0	809	 3	897
 0	 0	 1	 0	 0	 0	 0	 0	 1	 2	 0	 1	 0	 0	 3	 0	 0	 0	 0	 0	 0	 0	 0	 0	809	 8	-1
 0	 0	 0	 0	 1	 0	 0	 1	 1	 1	 1	 0	 0	 0	 0	 0	 0	 0	 0	 1	 0	 0	 0	 0	811	 3	-1
 0	 0	 1	 0	 0	 0	 0	 0	 1	 2	 0	 1	 0	 0	 2	 0	 0	 0	 0	 0	 0	 0	 0	 0	811	 8	-1
 0	 0	 1	 0	 0	 0	 0	 0	 1	 2	 0	 1	 0	 0	 0	 0	 0	 0	 0	 0	 0	 0	 0	 0	813	 1	-1
 0	 0	 0	 0	 0	 1	 1	 0	 1	 1	 1	 0	 0	 0	 0	 0	 0	 0	 1	 0	 0	 0	 0	 0	816	 4	-1
 0	 0	 0	 1	 0	 0	 0	 0	 2	 1	 0	 1	 0	 0	 0	 4	 0	 0	 0	 0	 0	 0	 0	 0	816	 7	-1
 0	 0	 0	 0	 1	 0	 0	 1	 1	 1	 1	 0	 0	 0	 0	 0	 0	 0	 0	 0	 0	 0	 0	 0	821	 3	855
 0	 0	 1	 0	 0	 0	 0	 0	 1	 2	 0	 1	 0	 0	 5	 0	 0	 0	 0	 0	 0	 0	 0	 0	821	 8	-1
 0	 0	 0	 0	 1	 0	 1	 0	 0	 2	 1	 0	 0	 0	 0	 0	 0	 0	 0	 0	 0	 0	 0	 0	824	 3	860
 0	 0	 1	 0	 0	 0	 0	 0	 1	 2	 0	 1	 0	 0	 5	 0	 0	 0	 0	 0	 0	 0	 0	 0	824	 7	970
 0	 0	 0	 0	 1	 0	 0	 1	 1	 1	 1	 0	 0	 0	 0	 0	 0	 0	 0	 1	 0	 0	 0	 0	826	 3	-1
 0	 0	 1	 0	 0	 0	 0	 0	 1	 2	 0	 1	 0	 0	 2	 0	 0	 0	 0	 0	 0	 0	 0	 0	826	 8	-1
 0	 0	 1	 0	 0	 0	 0	 0	 1	 2	 0	 1	 0	 0	 0	 0	 0	 0	 0	 0	 0	 0	 0	 0	828	 1	-1
 0	 0	 0	 0	 1	 0	 1	 0	 0	 2	 1	 0	 0	 0	 0	 0	 0	 0	 1	 0	 0	 0	 0	 0	830	 3	-1
 0	 0	 1	 0	 0	 0	 0	 0	 1	 2	 0	 1	 0	 0	 3	 0	 0	 0	 0	 0	 0	 0	 0	 0	830	 7	-1
 0	 0	 0	 0	 1	 0	 0	 1	 1	 1	 1	 0	 0	 0	 0	 0	 0	 0	 0	 0	 0	 0	 0	 0	834	 3	879
 0	 0	 1	 0	 0	 0	 0	 0	 1	 2	 0	 1	 0	 0	 3	 0	 0	 0	 0	 0	 0	 0	 0	 0	834	 8	-1
 0	 0	 0	 0	 1	 0	 0	 1	 1	 1	 1	 0	 0	 0	 0	 0	 0	 0	 0	 0	 0	 0	 0	 0	836	 3	855
 0	 0	 1	 0	 0	 0	 0	 0	 1	 2	 0	 1	 0	 0	 6	 0	 0	 0	 0	 0	 0	 0	 0	 0	836	 8	-1
 0	 0	 0	 0	 1	 0	 1	 0	 0	 2	 1	 0	 0	 0	 0	 0	 0	 0	 0	 0	 0	 0	 0	 0	838	 3	860
 0	 0	 1	 0	 0	 0	 0	 0	 1	 2	 0	 1	 0	 0	 6	 0	 0	 0	 0	 0	 0	 0	 0	 0	838	 7	981
 0	 0	 0	 0	 1	 0	 1	 0	 0	 2	 1	 0	 0	 0	 0	 0	 0	 0	 0	 0	 0	 0	 0	 0	841	 3	860
 0	 0	 1	 0	 0	 0	 0	 0	 1	 2	 0	 1	 0	 0	 4	 0	 0	 0	 0	 0	 0	 0	 0	 0	841	 7	-1
 0	 0	 0	 0	 1	 0	 1	 0	 0	 2	 1	 0	 0	 0	 0	 0	 0	 0	 0	 0	 0	 0	 0	 0	842	 5	-1
 0	 0	 0	 0	 1	 0	 1	 0	 0	 2	 1	 0	 0	 0	 0	 0	 0	 0	 0	 0	 0	 0	 0	 0	844	 3	986
 0	 0	 1	 0	 0	 0	 0	 0	 1	 2	 0	 1	 0	 0	 4	 0	 0	 0	 0	 0	 0	 0	 0	 0	844	 7	958
 0	 0	 0	 0	 1	 0	 1	 0	 0	 2	 1	 0	 0	 0	 0	 0	 0	 0	 1	 0	 0	 0	 0	 0	846	 3	-1
 0	 0	 1	 0	 0	 0	 0	 0	 1	 2	 0	 1	 0	 0	 3	 0	 0	 0	 0	 0	 0	 0	 0	 0	846	 7	979
 0	 0	 0	 0	 0	 1	 0	 0	 2	 1	 1	 1	 0	 0	 0	 0	 0	 0	 0	 0	 0	 0	 0	 0	849	 8	-1
 0	 0	 0	 0	 0	 1	 0	 0	 2	 1	 1	 1	 0	 0	 0	 0	 0	 0	 0	 0	 0	 0	 0	 0	850	 7	991
 0	 0	 0	 0	 1	 0	 0	 0	 1	 2	 1	 1	 0	 0	 0	 0	 0	 0	 0	 0	 0	 0	 0	 0	851	 8	-1
 0	 0	 0	 0	 1	 0	 0	 0	 1	 2	 1	 1	 0	 0	 0	 0	 0	 0	 0	 0	 0	 0	 0	 0	852	 7	993
 0	 0	 0	 0	 0	 1	 0	 0	 2	 1	 1	 1	 0	 0	 0	 0	 0	 0	 0	 0	 0	 0	 0	 0	853	 8	-1
 0	 0	 0	 0	 0	 1	 0	 0	 2	 1	 1	 1	 0	 0	 0	 0	 0	 0	 0	 0	 0	 0	 0	 0	854	 7	995
 0	 0	 0	 0	 1	 0	 0	 0	 1	 2	 1	 1	 0	 0	 0	 0	 0	 0	 0	 0	 0	 0	 0	 0	855	 8	-1
 0	 0	 0	 0	 0	 1	 0	 0	 2	 1	 1	 1	 0	 0	 0	 0	 0	 0	 0	 0	 0	 0	 0	 0	857	 4	995
 0	 0	 0	 0	 1	 0	 0	 0	 1	 2	 1	 1	 0	 0	 0	 0	 0	 0	 0	 0	 0	 0	 0	 0	860	 7	997
 0	 0	 0	 0	 0	 1	 0	 0	 2	 1	 1	 1	 0	 0	 0	 0	 0	 0	 0	 0	 0	 0	 0	 0	862	 4	995
 0	 0	 0	 0	 0	 1	 0	 0	 2	 1	 1	 1	 0	 0	 0	 0	 0	 0	 0	 0	 0	 0	 0	 0	865	 8	995
 0	 0	 0	 0	 0	 1	 0	 0	 2	 1	 1	 1	 0	 0	 0	 0	 0	 0	 0	 0	 0	 0	 0	 0	866	 4	995
 0	 0	 0	 0	 0	 1	 0	 0	 2	 1	 1	 1	 0	 0	 0	 0	 0	 0	 0	 0	 0	 0	 0	 0	867	 4	991
 0	 0	 0	 0	 0	 1	 0	 0	 2	 1	 1	 1	 0	 0	 0	 0	 0	 0	 0	 0	 0	 0	 0	 0	868	 7	995
 0	 0	 0	 0	 0	 1	 0	 0	 2	 1	 1	 1	 0	 0	 0	 0	 0	 0	 0	 0	 0	 0	 0	 0	869	 4	995
 0	 0	 0	 0	 0	 1	 0	 0	 2	 1	 1	 1	 0	 0	 0	 0	 0	 0	 0	 0	 0	 0	 0	 0	871	 4	995
 0	 0	 0	 0	 0	 1	 0	 0	 2	 1	 1	 1	 0	 0	 0	 0	 0	 0	 0	 0	 0	 0	 0	 0	872	 8	-1
 0	 0	 0	 0	 0	 1	 0	 0	 2	 1	 1	 1	 0	 0	 0	 0	 0	 0	 0	 0	 0	 0	 0	 0	873	 7	1007
 0	 0	 0	 0	 1	 0	 0	 0	 1	 2	 1	 1	 0	 0	 0	 0	 0	 0	 0	 0	 0	 0	 0	 0	874	 8	-1
 0	 0	 0	 0	 0	 1	 0	 0	 2	 1	 1	 1	 0	 0	 0	 0	 0	 0	 0	 0	 0	 0	 0	 0	875	 8	-1
 0	 0	 0	 0	 0	 1	 0	 0	 2	 1	 1	 1	 0	 0	 0	 0	 0	 0	 0	 0	 0	 0	 0	 0	877	 4	1010
 0	 0	 0	 0	 0	 1	 0	 0	 2	 1	 1	 1	 0	 0	 0	 0	 0	 0	 0	 0	 0	 0	 0	 0	878	 7	1010
 0	 0	 0	 0	 1	 0	 0	 0	 1	 2	 1	 1	 0	 0	 0	 0	 0	 0	 0	 0	 0	 0	 0	 0	879	 8	-1
 0	 0	 0	 0	 0	 1	 0	 0	 2	 1	 1	 1	 0	 0	 0	 0	 0	 0	 0	 0	 0	 0	 0	 0	883	 4	1010
 0	 0	 0	 0	 0	 1	 0	 0	 2	 1	 1	 1	 0	 0	 0	 0	 0	 0	 0	 0	 0	 0	 0	 0	886	 8	1010
 0	 0	 0	 0	 0	 1	 0	 0	 2	 1	 1	 1	 0	 0	 0	 0	 0	 0	 0	 0	 0	 0	 0	 0	887	 4	1010
 0	 0	 0	 0	 0	 1	 0	 0	 2	 1	 1	 1	 0	 0	 0	 0	 0	 0	 0	 0	 0	 0	 0	 0	888	 4	995
 0	 0	 0	 0	 0	 1	 0	 0	 2	 1	 1	 1	 0	 0	 0	 0	 0	 0	 0	 0	 0	 0	 0	 0	889	 7	1010
 0	 0	 0	 0	 0	 1	 0	 0	 2	 1	 1	 1	 0	 0	 0	 0	 0	 0	 0	 0	 0	 0	 0	 0	890	 4	1010
 0	 0	 0	 0	 0	 1	 0	 0	 2	 1	 1	 1	 0	 0	 0	 0	 0	 0	 0	 0	 0	 0	 0	 0	891	 8	1010
 0	 0	 0	 0	 0	 1	 0	 0	 2	 1	 1	 1	 0	 0	 0	 0	 0	 0	 0	 0	 0	 0	 0	 0	893	 8	-1
 0	 0	 0	 0	 0	 1	 0	 0	 2	 1	 1	 1	 0	 0	 0	 0	 0	 0	 0	 0	 0	 0	 0	 0	895	 4	1021
 0	 0	 0	 0	 0	 1	 0	 0	 2	 1	 1	 1	 0	 0	 0	 0	 0	 0	 0	 0	 0	 0	 0	 0	896	 7	1021
 0	 0	 0	 0	 1	 0	 0	 0	 1	 2	 1	 1	 0	 0	 0	 0	 0	 0	 0	 0	 0	 0	 0	 0	897	 8	-1
 0	 0	 0	 0	 0	 1	 0	 0	 2	 1	 1	 1	 0	 0	 0	 0	 0	 0	 0	 0	 0	 0	 0	 0	900	 8	1021
 0	 0	 0	 0	 0	 1	 0	 0	 2	 1	 1	 1	 0	 0	 0	 0	 0	 0	 0	 0	 0	 0	 0	 0	901	 4	1021
 0	 0	 0	 0	 0	 1	 0	 0	 2	 1	 1	 1	 0	 0	 0	 0	 0	 0	 0	 0	 0	 0	 0	 0	902	 4	1007
 0	 0	 0	 0	 0	 1	 0	 0	 2	 1	 1	 1	 0	 0	 0	 0	 0	 0	 0	 0	 0	 0	 0	 0	903	 7	1021
 0	 0	 0	 0	 0	 1	 0	 0	 2	 1	 1	 1	 0	 0	 0	 0	 0	 0	 0	 0	 0	 0	 0	 0	904	 4	1021
 0	 0	 0	 0	 0	 1	 0	 0	 2	 1	 1	 1	 0	 0	 0	 0	 0	 0	 0	 0	 0	 0	 0	 0	905	 8	-1
 0	 0	 0	 0	 0	 1	 0	 0	 2	 1	 1	 1	 0	 0	 0	 0	 0	 0	 0	 0	 0	 0	 0	 0	906	 7	1030
 0	 0	 0	 0	 1	 0	 0	 0	 1	 2	 1	 1	 0	 0	 0	 0	 0	 0	 0	 0	 0	 0	 0	 0	907	 8	-1
 0	 0	 0	 0	 0	 1	 0	 0	 2	 1	 1	 1	 0	 0	 0	 0	 0	 0	 0	 0	 0	 0	 0	 0	909	 4	1007
 0	 0	 0	 0	 0	 1	 0	 0	 2	 1	 1	 1	 0	 0	 0	 0	 0	 0	 0	 0	 0	 0	 0	 0	912	 8	1007
 0	 0	 0	 0	 0	 1	 0	 0	 2	 1	 1	 1	 0	 0	 0	 0	 0	 0	 0	 0	 0	 0	 0	 0	913	 4	1007
 0	 0	 0	 0	 0	 1	 0	 0	 2	 1	 1	 1	 0	 0	 0	 0	 0	 0	 0	 0	 0	 0	 0	 0	914	 4	1030
 0	 0	 0	 0	 0	 1	 0	 0	 2	 1	 1	 1	 0	 0	 0	 0	 0	 0	 0	 0	 0	 0	 0	 0	915	 7	1007
 0	 0	 0	 0	 0	 1	 0	 0	 2	 1	 1	 1	 0	 0	 0	 0	 0	 0	 0	 0	 0	 0	 0	 0	916	 4	1007
 0	 0	 0	 0	 0	 1	 0	 0	 2	 1	 1	 1	 0	 0	 0	 0	 0	 0	 0	 0	 0	 0	 0	 0	917	 8	1021
 0	 0	 0	 0	 0	 1	 0	 0	 2	 1	 1	 1	 0	 0	 0	 0	 0	 0	 0	 0	 0	 0	 0	 0	920	 4	1007
 0	 0	 0	 0	 1	 0	 0	 0	 1	 2	 1	 1	 0	 0	 0	 0	 0	 0	 0	 0	 0	 0	 0	 0	923	 7	1032
 0	 0	 0	 0	 0	 1	 0	 0	 2	 1	 1	 1	 0	 0	 0	 0	 0	 0	 0	 0	 0	 0	 0	 0	925	 4	1007
 0	 0	 0	 0	 1	 0	 0	 0	 1	 2	 1	 1	 0	 0	 0	 0	 0	 0	 0	 0	 0	 0	 0	 0	927	 3	1032
 0	 0	 0	 0	 1	 0	 0	 0	 1	 2	 1	 1	 0	 0	 0	 0	 0	 0	 0	 0	 0	 0	 0	 0	931	 3	1032
 0	 0	 0	 0	 1	 0	 0	 0	 1	 2	 1	 1	 0	 0	 0	 0	 0	 0	 0	 0	 0	 0	 0	 0	932	 8	1032
 0	 0	 0	 0	 1	 0	 0	 0	 1	 2	 1	 1	 0	 0	 0	 0	 0	 0	 0	 0	 0	 0	 0	 0	933	 3	1032
 0	 0	 0	 0	 1	 0	 0	 0	 1	 2	 1	 1	 0	 0	 0	 0	 0	 0	 0	 0	 0	 0	 0	 0	934	 3	993
 0	 0	 0	 0	 1	 0	 0	 0	 1	 2	 1	 1	 0	 0	 0	 0	 0	 0	 0	 0	 0	 0	 0	 0	936	 3	1032
 0	 0	 0	 0	 1	 0	 0	 0	 1	 2	 1	 1	 0	 0	 0	 0	 0	 0	 0	 0	 0	 0	 0	 0	939	 7	1032
 0	 0	 0	 0	 1	 0	 0	 0	 1	 2	 1	 1	 0	 0	 0	 0	 0	 0	 0	 0	 0	 0	 0	 0	940	 3	1032
 0	 0	 0	 0	 1	 0	 0	 0	 1	 2	 1	 1	 0	 0	 0	 0	 0	 0	 0	 0	 0	 0	 0	 0	942	 3	1009
 0	 0	 0	 0	 1	 0	 0	 0	 1	 2	 1	 1	 0	 0	 0	 0	 0	 0	 0	 0	 0	 0	 0	 0	944	 3	1009
 0	 0	 0	 0	 1	 0	 0	 0	 1	 2	 1	 1	 0	 0	 0	 0	 0	 0	 0	 0	 0	 0	 0	 0	945	 8	1009
 0	 0	 0	 0	 1	 0	 0	 0	 1	 2	 1	 1	 0	 0	 0	 0	 0	 0	 0	 0	 0	 0	 0	 0	946	 3	1009
 0	 0	 0	 0	 1	 0	 0	 0	 1	 2	 1	 1	 0	 0	 0	 0	 0	 0	 0	 0	 0	 0	 0	 0	947	 3	997
 0	 0	 0	 0	 1	 0	 0	 0	 1	 2	 1	 1	 0	 0	 0	 0	 0	 0	 0	 0	 0	 0	 0	 0	948	 7	1009
 0	 0	 0	 0	 1	 0	 0	 0	 1	 2	 1	 1	 0	 0	 0	 0	 0	 0	 0	 0	 0	 0	 0	 0	951	 7	1009
 0	 0	 0	 0	 1	 0	 0	 0	 1	 2	 1	 1	 0	 0	 0	 0	 0	 0	 0	 0	 0	 0	 0	 0	952	 3	1009
 0	 0	 0	 0	 0	 1	 0	 0	 2	 1	 1	 1	 0	 0	 0	 0	 0	 0	 0	 0	 0	 0	 0	 0	953	 7	1007
 0	 0	 0	 0	 0	 1	 0	 0	 2	 1	 1	 1	 0	 0	 0	 0	 0	 0	 0	 0	 0	 0	 0	 0	954	 4	1007
 0	 0	 0	 0	 1	 0	 0	 0	 1	 2	 1	 1	 0	 0	 0	 0	 0	 0	 0	 0	 0	 0	 0	 0	958	 3	1013
 0	 0	 0	 0	 1	 0	 0	 0	 1	 2	 1	 1	 0	 0	 0	 0	 0	 0	 0	 0	 0	 0	 0	 0	959	 8	1013
 0	 0	 0	 0	 1	 0	 0	 0	 1	 2	 1	 1	 0	 0	 0	 0	 0	 0	 0	 0	 0	 0	 0	 0	960	 3	1013
 0	 0	 0	 0	 1	 0	 0	 0	 1	 2	 1	 1	 0	 0	 0	 0	 0	 0	 0	 0	 0	 0	 0	 0	961	 3	1009
 0	 0	 0	 0	 1	 0	 0	 0	 1	 2	 1	 1	 0	 0	 0	 0	 0	 0	 0	 0	 0	 0	 0	 0	963	 3	1024
 0	 0	 0	 0	 1	 0	 0	 0	 1	 2	 1	 1	 0	 0	 0	 0	 0	 0	 0	 0	 0	 0	 0	 0	964	 8	1024
 0	 0	 0	 0	 1	 0	 0	 0	 1	 2	 1	 1	 0	 0	 0	 0	 0	 0	 0	 0	 0	 0	 0	 0	965	 3	1024
 0	 0	 0	 0	 1	 0	 0	 0	 1	 2	 1	 1	 0	 0	 0	 0	 0	 0	 0	 0	 0	 0	 0	 0	966	 3	1013
 0	 0	 0	 0	 0	 1	 0	 0	 2	 1	 1	 1	 0	 0	 0	 0	 0	 0	 0	 0	 0	 0	 0	 0	967	 7	1021
 0	 0	 0	 0	 0	 1	 0	 0	 2	 1	 1	 1	 0	 0	 0	 0	 0	 0	 0	 0	 0	 0	 0	 0	968	 4	1021
 0	 0	 0	 0	 1	 0	 0	 0	 1	 2	 1	 1	 0	 0	 0	 0	 0	 0	 0	 0	 0	 0	 0	 0	970	 3	997
 0	 0	 0	 0	 1	 0	 0	 0	 1	 2	 1	 1	 0	 0	 0	 0	 0	 0	 0	 0	 0	 0	 0	 0	973	 8	997
 0	 0	 0	 0	 1	 0	 0	 0	 1	 2	 1	 1	 0	 0	 0	 0	 0	 0	 0	 0	 0	 0	 0	 0	974	 3	997
 0	 0	 0	 0	 1	 0	 0	 0	 1	 2	 1	 1	 0	 0	 0	 0	 0	 0	 0	 0	 0	 0	 0	 0	975	 3	1032
 0	 0	 0	 0	 1	 0	 0	 0	 1	 2	 1	 1	 0	 0	 0	 0	 0	 0	 0	 0	 0	 0	 0	 0	976	 7	997
 0	 0	 0	 0	 1	 0	 0	 0	 1	 2	 1	 1	 0	 0	 0	 0	 0	 0	 0	 0	 0	 0	 0	 0	977	 3	997
 0	 0	 0	 0	 1	 0	 0	 0	 1	 2	 1	 1	 0	 0	 0	 0	 0	 0	 0	 0	 0	 0	 0	 0	979	 3	1013
 0	 0	 0	 0	 1	 0	 0	 0	 1	 2	 1	 1	 0	 0	 0	 0	 0	 0	 0	 0	 0	 0	 0	 0	981	 3	997
 0	 0	 0	 0	 1	 0	 0	 0	 1	 2	 1	 1	 0	 0	 0	 0	 0	 0	 0	 0	 0	 0	 0	 0	985	 3	997
 0	 0	 0	 0	 1	 0	 0	 0	 1	 2	 1	 1	 0	 0	 0	 0	 0	 0	 0	 0	 0	 0	 0	 0	986	 7	1013
 0	 0	 0	 0	 1	 0	 0	 0	 1	 2	 1	 1	 0	 0	 0	 0	 0	 0	 0	 0	 0	 0	 0	 0	989	 7	1013
 0	 0	 0	 0	 0	 0	 0	 1	 2	 1	 1	 0	 0	 0	 0	 0	 0	 0	 0	 0	 0	 0	 0	 0	991	 6	-1
 0	 0	 0	 0	 0	 0	 1	 0	 1	 2	 1	 0	 0	 0	 0	 0	 0	 0	 0	 0	 0	 0	 0	 0	993	 5	-1
 0	 0	 0	 0	 0	 0	 0	 1	 2	 1	 1	 0	 0	 0	 0	 0	 0	 0	 0	 0	 0	 0	 0	 0	995	 6	-1
 0	 0	 0	 0	 0	 0	 1	 0	 1	 2	 1	 0	 0	 0	 0	 0	 0	 0	 0	 0	 0	 0	 0	 0	997	 5	-1
 0	 0	 0	 0	 0	 0	 0	 1	 2	 1	 1	 0	 0	 0	 0	 0	 0	 0	 0	 0	 0	 0	 0	 0	1007	 6	-1
 0	 0	 0	 0	 0	 0	 1	 0	 1	 2	 1	 0	 0	 0	 0	 0	 0	 0	 0	 0	 0	 0	 0	 0	1009	 5	-1
 0	 0	 0	 0	 0	 0	 0	 1	 2	 1	 1	 0	 0	 0	 0	 0	 0	 0	 0	 0	 0	 0	 0	 0	1010	 6	-1
 0	 0	 0	 0	 0	 0	 1	 0	 1	 2	 1	 0	 0	 0	 0	 0	 0	 0	 0	 0	 0	 0	 0	 0	1013	 5	-1
 0	 0	 0	 0	 0	 0	 0	 1	 2	 1	 1	 0	 0	 0	 0	 0	 0	 0	 0	 0	 0	 0	 0	 0	1021	 6	-1
 0	 0	 0	 0	 0	 0	 1	 0	 1	 2	 1	 0	 0	 0	 0	 0	 0	 0	 0	 0	 0	 0	 0	 0	1024	 5	-1
 0	 0	 0	 0	 0	 0	 0	 1	 2	 1	 1	 0	 0	 0	 0	 0	 0	 0	 0	 0	 0	 0	 0	 0	1030	 6	-1
 0	 0	 0	 0	 0	 0	 1	 0	 1	 2	 1	 0	 0	 0	 0	 0	 0	 0	 0	 0	 0	 0	 0	 0	1032	 5	-1
 0	 0	 0	 0	 0	 0	 0	 0	 2	 2	 1	 1	 0	 0	 0	 0	 0	 0	 0	 0	 0	 0	 0	 0	1082	 8	-1
 0	 0	 0	 0	 0	 0	 0	 0	 2	 2	 1	 1	 0	 0	 0	 0	 0	 0	 0	 0	 0	 0	 0	 0	1083	 7	1094
 0	 0	 0	 0	 0	 0	 0	 0	 2	 2	 1	 1	 0	 0	 0	 0	 0	 0	 0	 0	 0	 0	 0	 0	1084	 8	-1
 0	 0	 0	 0	 0	 0	 0	 0	 2	 2	 1	 1	 0	 0	 0	 0	 0	 0	 0	 0	 0	 0	 0	 0	1085	 7	1096
 0	 0	 0	 0	 0	 0	 0	 0	 2	 2	 1	 1	 0	 0	 0	 0	 0	 0	 0	 0	 0	 0	 0	 0	1086	 8	-1
 0	 0	 0	 0	 0	 0	 0	 0	 2	 2	 1	 1	 0	 0	 0	 0	 0	 0	 0	 0	 0	 0	 0	 0	1087	 7	1098
 0	 0	 0	 0	 0	 0	 0	 0	 2	 2	 1	 1	 0	 0	 0	 0	 0	 0	 0	 0	 0	 0	 0	 0	1088	 8	-1
 0	 0	 0	 0	 0	 0	 0	 0	 2	 2	 1	 1	 0	 0	 0	 0	 0	 0	 0	 0	 0	 0	 0	 0	1089	 7	1100
 0	 0	 0	 0	 0	 0	 0	 0	 2	 2	 1	 1	 0	 0	 0	 0	 0	 0	 0	 0	 0	 0	 0	 0	1090	 8	-1
 0	 0	 0	 0	 0	 0	 0	 0	 2	 2	 1	 1	 0	 0	 0	 0	 0	 0	 0	 0	 0	 0	 0	 0	1091	 7	1102
 0	 0	 0	 0	 0	 0	 0	 0	 2	 2	 1	 1	 0	 0	 0	 0	 0	 0	 0	 0	 0	 0	 0	 0	1092	 8	-1
 0	 0	 0	 0	 0	 0	 0	 0	 2	 2	 1	 1	 0	 0	 0	 0	 0	 0	 0	 0	 0	 0	 0	 0	1093	 7	1104
